16.655965051209723
7.775187470427466
4.191654484931552
16.905827055844743
11.128471238901298
2.694928581143927
17.98982854174223
11.624689342005551
-0.8676441587204388
21.27666545143328
13.59247738160711
-0.724496413092177
20.311343017845026
15.666804983839016
-3.7626409568941916
17.14654911463944
17.098810273498458
-2.2527358322676396
18.537650629690955
19.791929504114165
0.009607155608447238
20.9317938294006
21.101373946069756
-2.6343499444900114
18.135007555095523
21.10629194212078
-5.217232668903885
15.822982488688218
23.048825640048175
-2.9246981403312318
18.550411630490274
25.495674883039754
-1.9369254893396641
19.3824853269108
26.085685285519556
-5.588409168758422
15.761248526243051
26.971475319617426
-6.313412239592243
15.662370833803934
29.30436183833004
-3.31488431733784
18.83856503043814
31.06140424788815
-4.441856946652737
17.544155634138125
31.431932219440142
-7.984464332921313
14.258890934832602
32.92547453775666
-6.801311607436962
15.954632323184441
35.33586632557775
-4.396362191237407
18.43415299913184
36.49169155175351
-7.031386127952392
15.762493898801678
37.02353619946859
-9.681289844921944
13.504897987070441
38.93407913012632
-7.297067116878427
16.31743848893549
41.18164208155108
-6.096202132719111
17.429844702458414
41.83660110230634
-9.649417608576723
13.928530297528491
42.88636646349713
-10.728712623344547
13.430220090778718
45.04260939304328
-7.635648178076536
16.6619532173024
46.85674093502015
-8.415639492130657
15.836944359764194
47.27857490375235
-12.102158410887041
12.580208933735408
48.96316323303959
-11.179517450595016
14.518537121453877
51.03564080643556
-8.668027450055169
12.350953303273565
50.10934269872101
-5.711110924257955
15.202609295616476
49.963059200489454
-3.2181567115417367
13.65958133001899
47.06331993205183
-1.34073931303068
14.955331679175467
43.67432477843402
-0.31095987899746574
12.75428789269072
40.60510509733482
-0.18402802490430795
12.484262176937051
40.93888981406585
3.601956052382155
11.186240416135798
44.46593305697774
3.1484611489542416
8.590995250103278
43.134773739738414
0.751473865453789
7.644803742645582
40.46465100711311
3.255691212802759
7.13065997255043
43.03770096137526
5.993791918629333
4.922001857367721
45.22450816866219
3.821984805000404
2.882890356094444
42.173679571876825
2.855378760471611
2.2617328371420995
41.13746886406156
6.451805038149718
1.2440141615276143
44.64335896852887
7.4311252951908395
-1.1304367562547302
44.892318956981
4.486236976894619
-2.6853863363792936
41.49488673318839
5.105002326256538
-3.1632872711622326
42.07384192339241
8.806021451924407
-4.084148870347291
45.05816617839999
9.380387638217277
-3.0621528350331566
46.541413472413346
12.6633831555667
-0.7619059266842988
43.8589480246558
13.47123674565465
1.449277601356201
44.369228284830434
15.973462883480773
5.095751467816615
44.628837186180846
16.026397735328192
5.239453583327122
41.81558881508106
18.34825064148961
3.3068553936433784
39.6985508937066
16.14143829404375
5.544418293620494
40.68780484851942
13.289032988795102
8.42719025661876
39.646084956543184
15.005070798144935
6.895886084688413
36.54545125458423
16.104781873902137
6.151906057699834
35.56266764259589
13.00176018385821
9.543273490684905
36.50937117503105
11.877499510723274
12.128123982978666
44.09912761965172
13.54010208806966
11.793787837450877
47.44397925072254
15.282261638740573
14.81104600970153
48.73219725883168
13.389163145224572
13.3188472852959
47.55086575918249
10.119773508795129
10.001010873158036
49.2004917342806
10.90802479761541
11.699090693936226
52.43845394247597
11.826189797357591
13.47753883120725
52.26185673619437
8.48928027447985
10.264496771862836
51.70350327516254
6.5672222946571255
8.583449261142786
54.49165567935585
8.504983753669592
11.432887195915376
56.79652137829397
7.608925389527879
10.75992631215221
56.02104049915588
3.9977252570611053
7.0988231207234405
56.84372972658874
4.457952025214154
5.973561650466824
53.328083952153655
3.6392580961643404
4.6388926555111505
52.39000872456476
7.053007979960435
2.9294703289589563
54.34483825580501
9.783381899256481
2.434406166392215
53.523538384298234
13.40847419856454
-0.48176910116786137
49.20907232549465
15.359097449720826
1.096406984073371
49.15487607489743
11.917984708463791
-0.45328411155827303
50.37569014447261
8.70650949477404
0.7949813264533238
50.94174223676168
5.201865066611094
0.8231398863161181
54.49119884552133
3.924793266566756
-0.5675684944702654
55.27396251923269
0.4964020689224969
3.0014924051497016
55.09338368197903
-0.7827989634344789
3.5929879166895105
51.83297629521627
1.0491761500545216
0.49000192046610147
50.273122828078506
-0.43826525267374355
1.5859614381314655
51.29887483204889
-3.9243810884982224
5.112658974065919
49.99743303247151
-3.4637331126956226
3.8074256374956836
46.768809359377855
-1.9452935969082192
1.4729315470927717
46.26285222058156
-4.892188988262542
4.322774142215814
46.83548912147992
-7.32531863243747
6.574234013862469
44.41070904759248
-5.449949818066975
3.862598122294162
41.74699605161219
-5.468359057092786
3.465727490252345
42.11788475438313
-9.228447918064862
7.200600142681502
41.578933579704035
-9.622145677789105
7.093985147988569
38.5196417264754
-7.375166772413035
4.230647023120208
36.99774561836813
-9.314745272507396
6.046948881139216
37.47557055277703
-12.61802080841361
9.243911943799658
35.92512510335394
-11.2571848006993
7.300893154315716
32.89871848911026
-10.027280575130954
5.533923587319651
32.57377311852194
-13.363135829264818
8.88902801153348
32.511192252775835
-15.133428594200124
10.233552151857758
29.917282694921337
-12.701562432697612
7.355210966709785
27.48413137321127
-13.005581236455258
6.25575752926902
28.055163779130428
-16.59852620723144
8.490539446797422
25.286981410357466
-17.91554680134136
6.580258637399797
22.763529636111084
-15.862160682915542
3.4500907859047785
21.2048236897756
-17.276647620943574
0.2384182443195145
21.690124950553937
-15.32682129938061
0.5065016153203539
18.12335926125535
-14.044704921886693
4.1135328254722
18.615619665153456
-12.999990024357684
3.1220843584980495
21.798481841040115
-11.219639037907696
0.3120790501292034
20.0661835931858
-9.374301548745686
2.672026558492584
17.259969108036284
-8.408588440158157
5.215608211412694
19.77352290851231
-7.150354191572336
2.5838039343954393
21.48926506632381
-5.03438609222799
1.5565453006233636
18.1696054774943
-3.5541230237232937
5.09253653828983
17.06916625520898
-2.7275229880856373
5.881040879249084
20.414610917100493
-1.1666536792774032
2.725771879077635
20.198777933608774
0.9002710388571599
3.666640401842898
16.70367036197408
1.974842952278661
6.915894737342352
17.96689739663256
3.375878691087399
5.134455404015514
20.40950830607665
5.573072129612814
