848.176420695505
428.265524625268
391.236306729264
171.20356103407
152.975370965275
130.565347956652
86.6250866250866
67.4672783699906
60.2300789014034
55.2852720035383
49.4657696873763
46.2748727441
43.565391652871
35.5366027007818
32.8817572011048
27.6609869440142
25.3671900763552
23.7648233085387
21.5104648411452
20.3603787030439
19.2942175230084
17.3490631505899
16.2488016508782
15.7678965625985
15.0825012820126
14.456925590204
13.1111431605722
12.3089042613427
11.8993788524239
11.3667363826498
10.7401003125369
10.6765745278285
10.2520991172943
9.77861221935383
9.45456608268963
8.78086473955955
8.7511267075636
8.18384182270525
7.88537814330886
7.69870353832415
7.34219781349349
7.19683339330695
6.85339894320588
6.68163352576438
6.54129190515127
6.39574299346355
6.25078134766846
6.08405733615634
5.91978688767204
5.78727147511763
5.76133109793687
5.70571084598575
5.63659729894257
5.20253467489361
5.1712725467483
5.0276773638882
4.83720390265611
4.70156797291897
4.58755579614737
4.49141466087574
4.37005637372722
4.31263126571415
4.21652709961967
4.13267541140784
4.06523895474576
3.97271539069669
3.9507421469123
3.81590545712639
3.78326435181332
3.7243947858473
3.55026644749688
3.48586308226985
3.45708546952406
3.43585937714741
3.32253509427693
3.28625229216097
3.25293170469886
3.15872930637463
3.10748157263427
3.05240987759836
2.97369469671288
2.95758235388064
2.92295955500864
2.84570313055801
2.82901437139301
2.77626625503892
2.73009216791159
2.69255105749943
2.66905101891023
2.63027765210896
2.57467192243028
2.52557778905869
2.50804455290344
2.45725603133493
2.40508338424093
2.35794556918448
2.3054436134601
2.23032573907419
2.19368000789725
2.1147550690679
2.07120813570556
2.01516207948605
1.96357567129743
1.92970099283116
1.89911520222728
1.88589931937894
1.84785842447895
1.77036271191242
1.73208461579765
1.66736418068225
1.66047585917172
1.609598356922
1.60443851871818
1.60142719191343
1.55163130757522
1.53909611963086
1.4775457374283
1.41586505107025
1.38138146434724
1.36130914377739
1.32187007603397
1.31277354918831
1.26960911274637
1.25397195617117
1.24311469846388
1.22555627999549
1.20635992954858
1.20256338410957
1.15539883212286
1.1285522593052
1.11779802731004
1.08852186350589
1.08180267270168
1.07018944493554
1.0671663851126
1.03009844650853
1.00974097114867
1.00706050117373
0.990776858226767
0.984488400757662
0.983338315580799
0.973567638611692
0.964312715041736
0.955653839243734
0.932142800548473
0.927098533886378
0.908180251983693
0.90291578594756
0.899670540648015
0.895139749217648
0.885701152031488
0.880663879659042
0.873629493731708
0.873193907551468
0.870229618787213
0.856691747745401
0.85332168264796
0.843725927444633
0.841347165080727
0.838597629955378
0.836739560628057
0.828468840458441
0.82398589995328
0.81687733933248
0.803279307444712
0.793154757183603
0.786705309631476
0.779671165889075
0.772832167129593
0.755174075176069
0.74512872098655
0.734381540585596
0.730680087798519
0.725915924417634
0.718829228459024
0.716300052361534
0.705743695062264
0.702661682453132
0.683538212520233
0.677724418275246
0.668241489109334
0.664915279819622
0.657717326247525
0.636795847072204
0.628402406278494
0.625076571880055
0.623851722922496
0.62022927395341
0.603071200395132
0.56667947362277
0.556674471242753
0.544860251518389
0.542666031385633
0.542290820805963
0.54040938172303
0.533599421578227
0.531655570128825
0.515502978833963
0.513930338798297
0.500654104587644
0.490925728828337
0.488200677817821
0.4811316987365
0.465938715080805
0.460679612992271
0.454662013352514
0.450576084052265
0.445529159437956
0.442193189782684
0.433163143534239
0.430889614698507
0.423670828102764
0.423379166950684
0.417398156936698
0.414205938222013
0.401923929465566
0.394792684491556
0.379146488174611
0.377876109538727
0.373664290286335
0.37210326907606
0.354912107791066
0.353587909556456
0.351261115218915
0.337935907751608
0.331660988077782
0.331013370954106
0.32138994724384
0.313977558767965
0.312446981652801
0.300288487149605
0.294583348676216
0.267983430048553
0.261611290096835
0.253820699534924
0.232755927944351
0.140922994884213
0.123510753649033
0.114371290152758
0.106432798331134
0.08835644900026
0.0874487135157409
0.0863202886688566
0.0821055609850139
0.0816390508970499
0.0803449046064948
0.079898375658033
0.078732079692926
0.0785493937832711
0.0766766440871841
0.0766222990352256
0.0745075201930281
0.0741985407521387
0.0741381349143538
0.0732890183954703
0.0732609319962725
0.0719094504694177
0.0717620754223718
0.0706756485992616
0.0701651280155744
0.0698297153510364
0.0696156118300315
0.0693167043483824
0.0686375292576048
0.0675387267058932
0.0675169298701649
0.067362952599048
0.06720074232628
0.0670429204754309
0.0670320674036932
0.066853410526738
0.0667626758453774
0.0663385605686648
0.0662582332480634
0.0660140299617878
0.0658011274101966
0.0657098178221585
0.0654596817782306
0.065124836170334
0.0651145103779507
0.0647764006099087
0.0646339504690647
0.0645747629169867
0.0640562341993288
0.063704646909987
0.0636046821441876
0.0634204044750452
0.0632681985120712
0.0629323650140103
0.062912703402275
0.0628298251672153
0.0627663608208359
0.0626749296458246
0.0626487398550546
0.0623721371189062
0.0620671052162809
0.0619635851163716
0.0618563957997775
0.0615573151235305
0.0611035098344877
0.0607529944847216
0.0607328339555817
0.0605602660339815
0.0602324188345569
0.0602114058586541
0.0600802239213978
0.059955568127572
0.05993091523677
0.0594912699238494
0.0589252378384644
0.0580424218130851
0.0577967697963329
0.0577683830981958
0.0575014923074791
0.0573990471298984
0.057362901231983
0.0566237019228673
0.0564130400321599
0.0556023356539524
0.0551489211133839
0.0550691299308761
0.0549877973829438
0.0549835827269515
0.0542525950915073
0.0531115621108914
0.0528171310885806
0.0522267992628501
0.0506741691463227
0.0505380278444318
0.0502638879247996
0.0498742420985485
0.049461079496963
0.0489340069132008
0.0479399553976243
0.0476509329004341
0.0475137187548004
0.0471175908059634
0.0468807099239665
0.0453621571737961
0.0450947203326908
0.0449797595579965
0.0449690453327999
0.0448814662523688
0.0441739330946027
0.0439018680859497
0.0438702414771637
0.0434422359232277
0.0421820131087355
0.0420924493301618
0.0419954049467815
0.0408216100132797
0.0406807947269879
0.0388408522490873
0.025218066929254
