493.332264252676
277.053896206449
61.9289751731272
20.7001568866783
7.62633767216298
4.02229983384294
3.184555764441
1.70106447091095
1.09776061693186
0.780730229641989
0.571899632503402
2.83563302824593e-13
1.85020320095579e-13
3.37030482114139e-14
3.14081443704272e-14
1.57333656149619e-14
1.36114666686814e-14
1.18857837363215e-14
1.10342831826049e-14
8.99337635795647e-15
8.20438044014018e-15
6.92165469074359e-15
6.90271389292004e-15
4.33438273203677e-15
4.27691228078024e-15
3.2218175836501e-15
2.67629743342069e-15
2.49503397118599e-15
2.23629482806554e-15
2.17870559980386e-15
2.07529452279827e-15
1.88901597203521e-15
1.88019480470714e-15
1.74133256090365e-15
1.5449640305454e-15
1.34275310218085e-15
1.32799908389207e-15
1.05648148467546e-15
9.61243989533084e-16
6.51567272804468e-16
5.78203298441237e-16
4.79968465413574e-16
3.69515451340611e-16
3.34604670000122e-16
3.18864270675109e-16
2.77097010469372e-16
2.51842967275591e-16
2.5179273625978e-16
2.41586713289732e-16
2.40617971649186e-16
2.40305471245007e-16
2.17743347266981e-16
1.90476683800689e-16
1.82803830848794e-16
1.82189912631899e-16
1.33347382722344e-16
1.30055320392076e-16
1.1215459788578e-16
1.10943459256959e-16
1.0414615433959e-16
1.0248628688327e-16
9.96662802816998e-17
9.10478223331768e-17
8.72010645742449e-17
8.45058577654403e-17
8.1193443564211e-17
6.96227662671156e-17
6.91920716868513e-17
6.82178916658096e-17
6.39910299244146e-17
6.11017227744791e-17
5.9095033683273e-17
5.61642469690754e-17
5.58352339402403e-17
5.39906967431135e-17
5.39258527431112e-17
5.31662770581174e-17
4.89223498015072e-17
4.76878520676709e-17
4.68139011038807e-17
4.55173785809457e-17
4.51240549515159e-17
4.13937734892398e-17
4.03614615685177e-17
3.91028530769978e-17
3.82011510507402e-17
3.52011010764901e-17
3.35947593031e-17
3.26401320184273e-17
3.1763892534645e-17
2.87240592694979e-17
2.73965912362043e-17
2.63501299153785e-17
2.61450616969008e-17
2.40106964415817e-17
2.29055641113499e-17
2.23877007370991e-17
2.22555409654633e-17
1.95883547966752e-17
1.89833145098688e-17
1.87827304489352e-17
1.83363258747104e-17
1.66129727515552e-17
1.56317708598055e-17
1.56142098095235e-17
1.55298638396308e-17
1.44203615369183e-17
1.37363595692814e-17
1.33346896929631e-17
1.30546606920446e-17
1.30310500925543e-17
1.2492399671175e-17
1.23435155907873e-17
1.15684682130722e-17
1.14990664370402e-17
1.04719872740629e-17
9.91240987145587e-18
9.67791796678616e-18
9.47961009219682e-18
9.02352087368846e-18
8.63548725155005e-18
8.56602412951799e-18
8.40569211700347e-18
7.99112909316468e-18
7.3095989476906e-18
7.23631223923106e-18
6.46383752872786e-18
6.36036912868618e-18
6.23788627249244e-18
6.13941995532528e-18
5.88619588812698e-18
5.83025517095566e-18
5.65500580877388e-18
5.21065570220024e-18
5.1807312794553e-18
5.17595000454254e-18
5.12365076777694e-18
4.26553190431092e-18
4.24064081531191e-18
4.05626390158919e-18
3.77763685593382e-18
3.70984291770033e-18
3.69623234349849e-18
3.67937371440482e-18
3.67576171114795e-18
3.60597696599318e-18
3.13039713763801e-18
2.91597336324518e-18
2.88647789795668e-18
2.45963168600718e-18
2.29544181046322e-18
2.25631535695459e-18
2.08800734433146e-18
2.07201576025239e-18
2.06020137175153e-18
1.95465753156945e-18
1.94949560631054e-18
1.89838726136112e-18
1.88842426468986e-18
1.85822576869385e-18
1.85031525585207e-18
1.8457457253883e-18
1.80201588677501e-18
1.77400073605558e-18
1.61792849485556e-18
1.57887039161011e-18
1.55576048173528e-18
1.54035214562999e-18
1.46958551827932e-18
1.46689984986856e-18
1.42478981947792e-18
1.41551859667254e-18
1.34930544069875e-18
1.22611469789428e-18
1.20195881378729e-18
1.09569446487101e-18
1.0873179670123e-18
1.02467415450182e-18
9.7851111392299e-19
9.12184036691271e-19
8.59044853853374e-19
8.40736929075041e-19
7.52808694709208e-19
7.40795797581696e-19
7.23951812307705e-19
6.70830399534705e-19
5.97773382961453e-19
5.33466385934313e-19
4.42691407172369e-19
4.29559395742615e-19
3.38810359799737e-19
2.92064057998831e-19
2.52773936335644e-19
2.00155302860471e-19
1.20984295173349e-19
6.89224064886897e-20
0
0
0
0
0
0
0
0
0
0
0
0
0
0
0
0
0
0
0
0
0
0
0
0
0
0
0
0
0
0
0
0
0
0
0
0
0
0
0
0
0
0
0
0
0
0
0
0
0
0
0
0
0
0
0
0
0
0
0
0
0
0
0
0
0
0
0
0
0
0
0
0
0
0
0
0
0
0
0
0
0
0
0
0
0
0
0
0
0
0
0
0
0
0
0
0
0
0
0
0
0
0
0
0
0
0
0
0
0
0
0
0
0
0
0
0
0
0
0
0
0
0
0
0
0
0
0
0
0
0
0
0
0
0
0
0
0
0
0
0
0
0
0
0
0
0
0
0
0
0
0
0
0
0
0
0
0
0
0
0
0
0
0
0
