22.2110842655796
16.6449360529396
7.8694965006109
4.54974250773363
2.76158245796916
2.00556721000393
1.78453236575889
1.30424862312021
1.04774072027953
0.883589401046656
0.756240459446202
5.32506622329331e-07
4.30139884334828e-07
1.83583899651941e-07
1.77223430647382e-07
1.25432713495969e-07
1.16668190474873e-07
1.09021941536195e-07
1.05044196329949e-07
9.48334137208846e-08
9.05780350865494e-08
8.31964824421297e-08
8.30825727389327e-08
6.58360291332699e-08
6.53981060947505e-08
5.67610569285853e-08
5.17329434057322e-08
4.99503150258934e-08
4.72894790420188e-08
4.66766065583592e-08
4.55554005887147e-08
4.3462811368286e-08
4.33612131369401e-08
4.17292770234957e-08
3.93060304602919e-08
3.6643595650275e-08
3.64417217470864e-08
3.25035611075995e-08
3.10039350652959e-08
2.55258158107526e-08
2.4045858238816e-08
2.19081826132058e-08
1.92227846926664e-08
1.82922024371075e-08
1.78567710036028e-08
1.66462311190663e-08
1.58695610297069e-08
1.58679783293203e-08
1.55430599718888e-08
1.55118655115749e-08
1.5501789291724e-08
1.4756129142393e-08
1.38013290592134e-08
1.35204966938643e-08
1.349777435846e-08
1.15476137241572e-08
1.14041799526347e-08
1.05903067890302e-08
1.05329701061457e-08
1.02052023174257e-08
1.01235511004425e-08
9.98330006970139e-09
9.54189825627882e-09
9.33815102545707e-09
9.1927067703392e-09
9.0107404559343e-09
8.34402578298483e-09
8.31817718534844e-09
8.25941230753191e-09
7.99943935063043e-09
7.81675909661281e-09
7.68732942466192e-09
7.49428095077009e-09
7.47229776844046e-09
7.34783619462992e-09
7.34342241350116e-09
7.29152090157584e-09
6.99445135814863e-09
6.90563914983044e-09
6.84206848137905e-09
6.74665684475991e-09
6.71744407877847e-09
6.43379930439549e-09
6.35306709932436e-09
6.25322741286432e-09
6.18070797326166e-09
5.93305158215316e-09
5.79609862779267e-09
5.713154296746e-09
5.63594646307477e-09
5.35948311588888e-09
5.23417531576888e-09
5.13323776143075e-09
5.11322419779349e-09
4.90007106495219e-09
4.7859757742126e-09
4.7315643012749e-09
4.71757787063058e-09
4.42587333717033e-09
4.35698456617289e-09
4.3339047577139e-09
4.28209363217462e-09
4.07590146489769e-09
3.95370343599587e-09
3.95148197636324e-09
3.94079482333586e-09
3.7974151125362e-09
3.70625951186386e-09
3.65166943916931e-09
3.6131233983971e-09
3.60985458052735e-09
3.53445889368868e-09
3.51333397085834e-09
3.40124509747124e-09
3.39102734242003e-09
3.23604500495017e-09
3.1483979849212e-09
3.11093522381713e-09
3.07889754493338e-09
3.00391758769918e-09
2.93861995697811e-09
2.92677708914054e-09
2.89925716641409e-09
2.82685852018892e-09
2.70362699862437e-09
2.69003944938193e-09
2.54240782108769e-09
2.52197722604432e-09
2.49757607942029e-09
2.47778529241847e-09
2.42614836482169e-09
2.41459213345767e-09
2.37802561146298e-09
2.2826860717585e-09
2.27612198255175e-09
2.27507142844847e-09
2.26354826937199e-09
2.06531641747964e-09
2.05928162603173e-09
2.01401685732498e-09
1.94361437943174e-09
1.92609525146093e-09
1.92255880105096e-09
1.91816936541193e-09
1.91722761067849e-09
1.89894101172026e-09
1.76929283546789e-09
1.70762213713842e-09
1.69896377181995e-09
1.56832129552818e-09
1.51507155291861e-09
1.50210364387901e-09
1.44499389075922e-09
1.43944981164763e-09
1.43534015890016e-09
1.39809067358646e-09
1.39624339078491e-09
1.37781974922742e-09
1.37419949959599e-09
1.36316754975089e-09
1.36026293629286e-09
1.35858224829721e-09
1.34239185291591e-09
1.33191618957635e-09
1.27197818175296e-09
1.25653109456556e-09
1.24730127945709e-09
1.24110924000669e-09
1.21226462386697e-09
1.21115641015872e-09
1.19364560045179e-09
1.18975568780844e-09
1.1615960746743e-09
1.10730063573281e-09
1.09633882253037e-09
1.0467542523778e-09
1.04274539894085e-09
1.01226190015323e-09
9.89197206790936e-10
9.55083261653805e-10
9.26846726192294e-10
9.16917078625456e-10
8.67645489073278e-10
8.60694950363772e-10
8.50853578653639e-10
8.19042367362461e-10
7.73158058201202e-10
7.30387832548101e-10
6.65350589668612e-10
6.55407808728745e-10
5.82074187539472e-10
5.40429512516509e-10
5.02766284008429e-10
4.47387195682298e-10
3.47827967784865e-10
2.62530772460467e-10
0
0
0
0
0
0
0
0
0
0
0
0
0
0
0
0
0
0
0
0
0
0
0
0
0
0
0
0
0
0
0
0
0
0
0
0
0
0
0
0
0
0
0
0
0
0
0
0
0
0
0
0
0
0
0
0
0
0
0
0
0
0
0
0
0
0
0
0
0
0
0
0
0
0
0
0
0
0
0
0
0
0
0
0
0
0
0
0
0
0
0
0
0
0
0
0
0
0
0
0
0
0
0
0
0
0
0
0
0
0
0
0
0
0
0
0
0
0
0
0
0
0
0
0
0
0
0
0
0
0
0
0
0
0
0
0
0
0
0
0
0
0
0
0
0
0
0
0
0
0
0
0
0
0
0
0
0
0
0
0
0
0
0
0
