NA
NA
NA
12.45
7.48899999999999
7.58500000000002
14.419
6.36599999999999
4.52200000000002
17.999
7.10099999999999
3.42600000000002
18.425
10.635
2.05000000000002
19.294
11.205
-1.60099999999999
22.507
13.336
-1.78499999999999
21.174
15.5
-4.62299999999999
18.242
16.97
-2.64199999999999
19.836
19.569
-0.359999999999989
21.994
21.048
-3.17899999999999
19.044
20.976
-5.56999999999999
16.693
22.666
-3.07899999999999
19.267
25.325
-2.25699999999999
19.911
26.013
-5.949
16.205
26.736
-6.411
16.119
29.04
-3.356
19.182
30.919
-4.732
17.745
31.127
-8.268
14.458
32.507
-6.919
15.975
35.27
-4.763
18.385
36.204
-7.575
15.652
36.565
-10.202
13.352
38.413
-7.79000000000001
16.052
40.807
-6.64100000000001
17.1
41.503
-10.213
13.59
42.505
-11.231
13.111
44.552
-8.06200000000001
16.372
46.43
-8.67400000000001
15.637
47.062
-12.328
12.4
48.831
-11.313
14.52
50.589
-8.67300000000001
12.274
49.797
-5.69400000000001
15.177
49.253
-3.31000000000001
13.385
46.445
-1.50500000000001
14.263
42.84
-0.655000000000003
11.751
39.964
-0.403000000000001
11.469
40.292
3.376
10.519
43.994
2.972
7.849
43.174
0.415999999999998
6.655
40.417
2.748
6.358
42.86
5.64
4.432
45.528
3.675
2.025
42.878
2.403
1.169
41.7
5.902
0.560999999999995
45.228
7.179
-1.72600000000001
46.145
4.279
-3.80600000000001
42.955
4.524
-4.41700000000001
43.448
8.241
-5.09500000000001
47.115
8.896
-3.90000000000001
48.033
12.364
-1.549
45.047
12.545
0.445999999999995
44.751
15.776
4.258
44.641
15.973
3.872
41.51
18.112
1.552
39.751
15.685
3.821
40.774
12.803
6.837
39.016
14.271
4.815
35.96
15.236
3.312
35.507
11.773
6.821
35.71
10.345
8.585
33.449
12.822
11.039
36.204
13.794
12.141
37.561
17.19
10.554
40.95
17.991
14.02
42.471
18.148
14.51
41.672
14.448
11.034
42.82
13.404
11.453
46.077
15.304
14.652
46.913
13.413
13.061
46.142
10.059
10.062
48.293
10.967
12.471
50.996
12.109
14.103
50.731
8.685
10.808
50.989
6.781
9.59500000000001
53.813
9.034
12.823
55.639
8.271
11.949
55.353
4.58599999999999
8.435
56.669
5.14099999999999
6.846
53.399
4.025
5.424
52.448
7.394
3.937
54.435
10.25
3.102
53.516
13.826
0.355999999999997
55.046
15.926
-0.580000000000004
54.42
19.535
-3.36900000000001
51.857
19.673
-6.64000000000001
53.389
20.879
-7.94800000000001
50.23
22.576
-5.63300000000001
48.941
25.318
-3.54400000000001
51.942
24.248
-0.393000000000002
50.102
25.335
0.311999999999998
48.596
21.929
1.25
50.174
18.612
-0.609000000000004
49.693
15.346
1.135
49.44
11.98
-0.146000000000004
51.1
8.825
1.213
51.764
5.348
1.801
55.383
4.36499999999999
0.550999999999996
56.289
0.90099999999999
4.08
55.786
-0.424000000000011
4.386
52.414
1.30599999999999
1.113
51.161
-0.145000000000008
2.123
52.327
-3.60500000000001
5.53
50.671
-3.47300000000001
3.885
47.504
-2.07600000000001
1.42499999999999
47.334
-4.97400000000001
4.226
47.695
-7.50800000000001
6.566
45.194
-5.82200000000001
3.73499999999999
42.656
-5.65400000000001
3.01399999999999
43.112
-9.35400000000001
6.61
42.272
-10.243
6.502
39.359
-7.75700000000001
3.60899999999999
37.593
-9.43100000000001
5.296
38.205
-12.763
8.559
36.579
-11.588
6.597
33.699
-10.07
4.87299999999999
33.021
-13.375
8.224
33.085
-15.201
9.891
30.752
-12.679
7.304
27.979
-12.627
5.99099999999999
28.229
-16.202
8.226
25.392
-17.493
6.30999999999999
23.118
-15.101
2.99199999999999
21.559
-16.096
-0.0500000000000114
21.922
-13.774
0.516999999999989
18.37
-12.476
4.27099999999999
18.886
-12.044
3.55499999999999
21.957
-9.9
0.91399999999999
20.189
-7.78
3.30999999999999
17.262
-7.36599999999999
6.02199999999999
19.679
-6.205
3.60499999999999
21.303
-3.71199999999999
2.50499999999999
17.89
-2.44899999999999
6.03199999999999
16.51
-1.83299999999999
7.099
19.744
-0.11199999999999
3.93399999999999
19.523
2.01000000000001
4.71999999999999
15.925
3.01100000000002
8.217
16.856
4.18300000000002
6.81
19.542
6.47600000000002
3.76999999999999
17.644
7.77000000000002
5.972
14.779
8.97000000000002
8.307
16.983
10.999
NA
NA
NA
NA
NA
NA
NA
NA
NA
NA
NA
NA
NA
NA
NA
NA
NA
NA
NA
NA
NA
11.9716739432005
6.8787208988567
5.67669059022801
15.5818973349063
7.9260184730584
4.87924350543057
16.0879639272915
11.6340017447378
4.08738072627177
17.2292684039095
12.5920073847178
0.584733400973622
20.5342126612393
14.6138318791339
0.863670974136411
19.6903922126211
16.7091886133568
-2.20003612786276
16.247082450256
17.9378988600237
-1.05453841501591
17.1790996845674
20.781411926689
1.32482417077265
19.9117872821564
21.9361861664884
-1.12678182307676
17.3515830943005
21.9737829138788
-3.97644057476448
14.8788806827404
23.9933121484638
-1.90824318222152
17.636173372571
26.3792776773464
-0.839266326723135
18.7462434181471
26.7299264601353
-4.44431999137825
15.2375154670025
27.6814261763046
-5.49752389138342
15.0145083236964
30.1258915956482
-2.59551930357384
18.3002621908294
31.7551756048526
-3.67200996399404
17.2669152963368
31.9624555579024
-7.30873695631917
13.9572026459166
33.6600978191187
-6.40737358642842
15.6620871035149
36.1312994892997
-4.05869453395357
18.2584186301883
37.2130911408326
-6.61110014950047
15.6322569686703
37.533117780374
-9.38098442101014
13.3467635109075
39.6401987506748
-7.16446136921936
16.2379691264892
41.873863068677
-6.15648180448991
17.3039181038209
42.3028756102407
-9.75509709608563
13.7130467703257
43.1097353576568
-10.8121408105467
13.2392558196241
45.5733638528943
-7.93631366475243
16.4589297500472
47.3352386403575
-8.98699487951509
15.2979220491139
47.5531191675364
-12.6135068668453
11.9841219222264
49.0808133290227
-11.5738433308871
13.9442114273139
51.3177123637224
-9.20221523175228
11.7899695625373
50.5891791888529
-6.12765812524761
14.7942231982863
50.7795575013112
-3.78636485223924
13.7549697549258
47.7290634395898
-1.77138240569883
15.4285230935491
44.4397308864878
-0.899823126082078
13.6771213937354
41.028053586542
-0.92014766603199
13.3677024602259
41.0988115758433
2.88271431286442
11.5945224308796
44.4843743890051
2.70518115634708
9.07679512064328
43.0519998599285
0.23272945818531
8.47560909596135
40.1662525983994
2.60988786820024
7.9124066913364
42.574298942427
5.51409134875052
5.48759727511259
44.7287178587787
3.54549681765527
3.56347587700382
41.5917222186718
2.47247389185638
3.14797467398345
40.3325553575526
6.0264293735905
1.91682436968703
43.7045272152511
7.25095365637155
-0.561911272456959
43.9701741165462
4.37700491984242
-1.94110725722882
40.4394024892981
4.74929399006743
-2.23355963855943
40.5099344673781
8.5511143231082
-3.8393612001553
43.8826640559269
9.26038540478526
-3.06093638324376
45.240103543518
12.7062674169767
0.115271648808417
43.1439080429785
13.0461746994013
2.40207112992696
44.2576787904693
15.9189150035691
6.22133952978954
44.3133097049161
16.1485932375596
6.39695467704043
41.0888191869655
18.1188930167055
4.28643656763103
39.0665857600678
15.6812428619473
6.21649994924527
40.3812460772654
12.6911604896141
9.40933808123235
39.4705978411888
14.4981772170021
8.07800203480451
35.9558909423227
15.0954826217535
7.07308514207856
35.4196649742182
11.4687396270206
10.3473684433245
36.8102815792117
10.1419965015068
12.0947302500533
34.5094142718947
12.6445045135829
14.3081893400922
37.4768397470649
13.6046174788297
14.7815348433224
39.2650528802294
16.9367335969969
12.8236186764242
42.3571900890576
17.9649674056117
15.9333457127795
44.5554799321131
17.870413054679
16.5758228807519
43.8611032545748
14.185436376554
12.8665597770407
44.0983480556457
13.3425145938174
12.5332534864207
47.3704140284284
15.2591139745933
15.2898379539533
48.9252103199311
13.1358710385901
13.7413185836767
47.702115428649
9.90290898394149
10.3466454985575
49.1753263274011
10.8112213162179
11.9255258183571
52.4791261115664
11.8667235293365
13.4906715083003
52.6110407854934
8.39559352772971
10.2076299082549
51.7312300669233
6.65695125519043
8.46473979381022
54.4060580615232
8.75519105280075
11.0700634238627
57.0015587115437
7.79492902687589
10.4600298426439
56.0418097317428
4.18597447942638
6.74575099300164
56.6408605253769
4.69296242183374
5.77014712620483
53.0712059161546
3.72732529229241
4.68811844619898
51.9240612770134
7.16224655959016
3.24793598523962
53.6205791871372
10.2512398356874
2.88709525453618
52.3717670396317
13.8417331426451
-0.248065462797971
52.8164869574065
15.9198102517099
0.0922134400655157
47.3017498628362
25.2115980261932
NA
NA
NA
NA
NA
NA
NA
NA
NA
NA
NA
NA
NA
NA
NA
NA
NA
NA
1.51266331295482
46.6799096630648
21.7177807836121
1.8104202397391
48.7932634286514
18.5634138623373
0.105186524060882
47.7418758577332
15.3422505397731
1.69898837226514
48.1405341779547
11.9180742574566
-0.205049131959607
49.4731205971631
8.88428774257999
0.875636709496727
50.2477960784151
5.3403072106325
0.566579142426152
53.8984523541562
4.25958422270795
-0.921852129393663
54.8160418312584
0.889021821478703
2.58038028395211
54.827769225998
-0.515334113148584
3.18350767627856
51.5143905392716
1.2423200129447
0.150567278422281
49.8880695562139
-0.376248058876093
1.24479287170829
51.0031901241027
-3.83979962772407
4.89626876362136
50.009988254382
-3.45537817051741
3.73035669448219
46.6980504364223
-2.01532333232419
1.4576061229637
46.1499284479563
-5.00276808083795
4.47274943670327
46.7789384662611
-7.2987278353815
6.55186601078191
44.1918121843217
-5.44285772336128
3.62800895476933
41.7729079363684
-5.6541327934445
3.58207785598101
41.9421305819439
-9.49088650333891
7.34642938092406
41.4460856160746
-9.55407660141315
6.91776631026515
38.5121939729643
-7.2105180255843
4.35810729117536
36.6700514463363
-9.36023466216247
6.34873409835413
37.3244217629065
-12.5348466704767
9.46608365277669
35.7831431523183
-10.9642359612031
7.51908304970139
32.7129486890577
-9.822762523322
5.86780085281937
32.3752744852167
-13.2627487497946
9.23436651221353
32.246710286017
-14.9983973051398
10.3870421318006
29.6817146598867
-12.4143627941586
7.40808772287105
27.3718148952579
-12.929434349272
6.64229516016088
27.9903224421782
-16.6338115122105
8.98086228426813
25.2863154578894
-17.9235425054655
6.94387319484779
22.6239465996231
-16.0994642417617
3.96325362580488
20.977484270097
-17.7590671406775
0.506820394307955
21.4173173559709
-16.1809511206161
0.757483784805473
17.8857313012988
-14.7514138517384
4.25084501293962
18.4536649995833
-13.3095263234887
2.97198284791801
21.681090357551
-11.6864372558084
-0.0631557211289451
20.017330096358
-10.1012616630243
2.21416762576393
17.2446248144345
-8.86188851772451
4.72648968959015
19.8115495759395
-7.4734227758408
1.85477603192764
21.3654503451889
-5.49413071358197
0.930126436342071
17.980840725081
-3.94960947874687
4.53072715256807
17.2726405196464
-2.94942202064949
4.82556507599797
20.7962945473563
-1.50747545717652
1.55422521670767
20.4032329813618
0.428382009259598
3.18605592515638
17.2418993055706
1.79644557842324
6.11330167408342
19.161536630837
3.26470674893515
3.6937126675837
20.9862347398558
5.56636676956561
2.94387788589295
20.1060285141181
9.21523218231233
1.63173516128782
16.5808807300933
9.82310188138532
-2.05207713181747
15.6270920900981
9.63683266926868
-3.9165350306387
18.164157742123
11.8124017030709
-7.66229841673634
18.4868541031249
11.0217078849804
-10.1053640967966
17.2073504059613
13.6231494799151
-13.7759872860971
18.2460685151306
13.707072610538
-14.4990498095849
15.0912243050275
15.7030985615483
NA
NA
NA
14.2968314645548
9.45710909280829
10.8059031571396
15.8800870960154
8.02322213483409
7.66375742576438
18.6086243049299
9.94611690937066
5.86796807686256
17.0114016757795
12.1213167387647
3.17899846469994
17.5835643078507
12.146650683539
-0.591881155985871
21.0203660395199
13.8458516679368
-0.816627394702482
20.0027519538785
15.9273830097981
-3.82540187039078
16.9247122120448
17.4385330306032
-2.17041849817417
18.5104225066572
20.2492238556333
-0.131134077684489
20.9564238699594
21.3698111746356
-2.86981485338921
18.0622192961317
21.3961650796091
-5.33092260327083
16.0689219627368
23.6554525930873
-2.97624987184455
18.9897508973584
25.9566359948357
-2.23452870712346
19.6762149297703
26.2792987727926
-5.96464370051521
16.0701966522068
27.3276778821393
-6.57459404682473
16.2739797661151
29.7808220302782
-3.6702913368894
19.433615313398
31.3702407355944
-5.05896530421824
17.8352106483821
31.8078303785647
-8.48816693597168
14.6350140180795
33.3667863436238
-7.17711856676229
16.552121566525
35.6755332316592
-4.85633433407714
18.8280920445402
36.8246941135403
-7.69181412606254
16.0183251560902
37.397887591973
-10.2115883756437
13.9457338921671
39.2029975851564
-7.57315297464955
16.7177787621554
41.6248902150804
-6.60214250720278
17.6548114037089
42.3062972416539
-10.2238142610755
14.169748388827
43.3050051343111
-11.3893117202946
13.7458790007402
45.0110536218988
-8.01978604153173
16.4015179665693
47.454691978065
-9.20516162228392
15.1419743781447
47.9487122346483
-12.7723442549709
11.9303056823318
49.3278891666848
-11.2766072531974
14.1798620727851
51.40316264221
-9.01415768515127
12.7639086895188
50.1679386507328
-5.7175946708444
15.6023601328565
49.873544520019
-3.17473102927501
13.8288351602621
47.0714632856358
-1.32560503911056
15.2743405967533
43.6826986896096
-0.407968103392644
13.2090561647398
40.4798970028149
-0.598324532092992
12.8788380071527
40.6215529909798
3.21319046189782
11.4207899963769
44.1270708263375
2.91865573684514
8.86649076142631
42.92775368592
0.366088438019964
7.87359524329971
40.2270019626004
2.84781618680114
7.25567515236372
42.6414658341288
5.72752866798775
5.10611147787755
44.9182231932752
3.54604249179911
3.12082944994618
41.8810506293758
2.43374213368114
2.38042958879948
40.7601413820513
5.99389683606087
1.39692579463823
44.2791481831955
7.07762254876287
-1.00123812038559
44.7496813339899
4.14705291289323
-2.57123005872785
41.3128203957581
4.50354162911936
-3.36357602554559
41.602461897721
8.20919267437554
-4.07470539078674
45.3289755597291
8.50759165687866
-3.5513444988725
46.588270213387
12.0534233438152
-1.47636587512014
43.6915007276859
13.4104363347928
0.879112137737005
44.2718474371776
16.3403479422869
4.65437470627078
43.7699752744105
16.2752490109032
4.41041068985341
40.5175919765571
18.2306639138171
2.21401151519603
39.0728054523827
15.4666791878954
4.52707714189712
40.261029000519
12.7128514506852
7.24176770418113
38.6399254025936
14.7809412156227
5.36342856905764
35.359404369341
15.0789761864749
4.56214776425676
35.3256860828875
11.3565316739246
8.21724610493191
35.6551769465476
10.3856656220109
9.73418710695981
33.714734245923
13.2728521629119
11.9481912101857
36.6300020230508
14.2901818137821
12.7204231814924
37.8757096883249
17.7941019320452
10.5307883894958
40.7863036639146
18.8823937986597
13.6719294376024
42.9394573322746
19.0775019643726
14.8816947443336
42.3339235915169
15.5090594761946
11.4632904168816
43.1371911781412
14.0340499717045
11.1747244096774
46.5507452047074
15.6948884849863
14.4586854977501
47.4698019003248
14.0009344235475
13.3458295304631
46.5960863823213
10.4634265734256
10.06578169528
48.398700942152
11.1505364246118
11.4347288889843
51.6979810503771
12.4973980909752
13.6789296305169
51.5598056728622
9.43604878115233
10.8141875385338
51.0637571115318
6.96755013395358
8.94104187875984
53.8896688148427
8.67508794681769
11.8859096619973
56.1133856266105
7.82538960016097
11.6304457428001
54.849689571453
4.27079208902585
8.11732922341287
56.29227551831
4.13108129080638
6.35069814423758
52.9569837988363
3.63618657866823
4.97619717478329
52.0227913801583
7.071928217653
3.23911655956148
53.8187155939297
9.95697105175618
2.26959784801594
53.0241851616009
13.5613006510113
-0.301810642361547
54.2095229845673
16.1212769440773
-0.635436174438997
52.875648022956
19.6709316584308
NA
NA
NA
NA
NA
NA
NA
NA
NA
NA
NA
NA
NA
NA
NA
NA
NA
NA
NA
NA
NA
1.32465786322593
49.2506784221229
18.5798996898128
-0.645713203809166
48.7213207158215
15.3744363415634
0.988844410598719
48.6525614510577
11.9622841514215
-0.416717396080552
49.9655840902223
8.68844564644815
1.09367961363574
50.6592879533103
5.3006885973998
1.45788475862596
54.2610514203677
4.14308480519224
-0.267593372908673
55.3800769535379
0.948673423777993
3.2874683681192
55.2051793764855
-0.343609770812527
3.91047636348156
51.7307263260311
1.04934752856995
0.747554115497618
50.3261809195876
-0.49965991313153
1.87150454786596
51.5146124400143
-3.9221385393373
5.30468512286691
49.9125088977948
-3.5342476017738
3.95252388155549
46.7008779373817
-2.02226494591716
1.58129958571858
46.4574117295311
-4.97181280015983
4.54839740419895
46.6980278986492
-7.33274596201087
6.98405991015141
44.3093525020819
-5.64789225710606
4.28840557205714
41.6344942607881
-5.52816724511646
3.69479971387931
42.0766688131691
-9.26670903976896
7.41271338122472
41.394502975392
-9.62511206980088
7.32414642830519
38.4016652574413
-7.27919896636713
4.53898033009962
36.78727420635
-9.29235627258114
6.16397621892213
37.3790545067002
-12.6773412706908
9.38204769698146
35.8392538246233
-11.3275665407537
7.72278690831787
32.7081172316404
-9.97556052327939
5.50710206293547
32.5837985667491
-13.0490976607649
8.61628994963354
32.1808921427719
-15.1869028667478
10.0249831899019
29.616293245848
-12.750339743675
7.15034352299402
27.1339868417213
-12.7871460131374
6.0365190597403
27.9211720775472
-16.367975312274
7.62270238274609
24.7631598436451
-17.8057876075139
5.54758148780586
22.570604142549
-15.480996268711
2.3233174551057
21.0139677606714
-16.7320129041124
-0.705807371784493
21.9101150867236
-14.5708556323881
-0.569599603692579
18.3577674901142
-13.2087524803563
3.09197475559467
18.7061226143313
-12.2000127127047
2.26688941154852
22.015419498816
-10.5253738545086
-0.463773628260158
20.539677586264
-8.34862807914566
2.04057030938386
17.8522567713201
-7.39212047050264
4.79856103777403
20.3600189182307
-6.61493184691368
2.34122836901126
22.2783619142616
-4.44256118226861
1.47523245057744
19.1806864256104
-2.4137241665708
5.07438635820459
17.9911086743638
-1.90832440108695
6.1809321263866
21.4959432477665
-0.967388656203508
3.44617834239193
21.5714361209853
1.63184961048541
4.79358896976275
18.3158813955684
3.11000286068122
8.06752286066004
20.0785966074182
3.9581331336627
6.19872905127991
22.4234618855334
6.30430182442472
5.53891484731608
21.8851547782699
9.9996848457795
2.21409622908729
20.3004081173834
10.8667183957002
0.0140606782985913
23.1973012565916
11.971776636371
-3.29799021560145
21.714673421375
13.1224080188984
-6.29623339453902
23.9449868941643
13.72910782362
-8.44491223312229
23.3533274513889
16.7871858723949
-11.8755005491272
25.0517237847456
16.7024763633001
-13.7399662551227
23.432005961036
19.5968202963399
NA
NA
NA
11.3573675152996
6.13466031388452
7.24259205329763
13.0346679335856
6.14813184801133
3.83014017457669
16.729210525075
6.69277518143364
3.10512453403565
17.2575868253183
10.1942896844643
1.68886443419274
18.5569395901198
10.8492635099806
-1.81859471460591
21.7464600393398
12.9296602109361
-1.31356514056
21.0135501064324
15.1874324582266
-4.31167613076871
17.8110000808244
16.6069607485072
-2.75641706341984
19.5378253222359
19.0862099554803
-0.453556460745963
21.7331037139903
20.765835256198
-3.09172128347508
18.7400393418213
20.900331888116
-5.45192430865232
16.456822984236
22.6432196260721
-2.9452030642103
19.1800809229865
25.0495399539636
-1.8136153837325
19.8890404642437
25.9582014242311
-5.43861354943018
16.1810690040529
26.6727810648786
-5.94453704916382
16.1511453669751
28.9520600068056
-2.9167031566208
19.1478555363753
30.9564232432819
-4.1881634103744
17.8038643657174
31.3366841195804
-7.72902367295896
14.3972266751253
32.4759862037673
-6.50954205931969
15.9909512758571
35.0968535129336
-4.24537942276601
18.4206052634632
36.2347484401507
-6.93818198424791
15.7746157161166
36.5492408341886
-9.65008885016815
13.4017974895393
38.4923010946479
-7.42343093125778
16.0530586833771
40.8134624006534
-5.98160074931796
17.3644215959065
41.4648253477783
-9.47450936861437
13.9216227184074
42.5458264504777
-10.7508281003792
13.2243927640175
44.7175963413833
-7.71026303255751
16.4903338319622
46.6133957232774
-8.20474219725734
15.8175033708443
46.9120216207762
-11.9433624967709
12.4705146030496
48.5928756002694
-11.2041324325298
14.3647897541458
50.7050560465551
-8.69664276868915
12.4431697523805
49.8837613114604
-5.51687225386871
15.1459154491952
49.5587068604167
-2.8698281850617
13.3814454778644
46.5867813783242
-1.29941911441773
14.3675523972888
43.0068571804867
-0.536007769728212
11.8133311373797
40.2025352100345
-0.681397045357742
11.6624490813046
40.2901431260594
3.13883900208806
10.8017156054522
43.9988420482338
2.8724704825342
8.07704266121642
43.162009783488
0.377923808761661
6.87477361491296
40.3674753392297
2.6409139501796
6.68118988690375
42.8301593346574
5.55746908919455
4.54011066914737
45.30173096351
3.5818174329701
2.21488799705805
42.452764624158
2.54652842866206
1.67850240423361
41.1639558245529
6.08099350471964
0.891177839779619
44.6774352026284
7.24099466422135
-1.40072877570692
45.2372160493995
4.24580727951948
-3.34942607859425
41.998733681179
4.74079795866861
-3.59340589696427
42.3686210613997
8.51075368442742
-4.72722476235213
45.9039579031742
9.2740938416854
-3.50323537877174
46.9646028778113
12.6905720322582
-0.881835438793578
44.2212844487628
12.7458834372803
1.48098491859217
44.8032731724184
15.6802556161733
5.25509275003528
44.3585785930127
15.9679200173198
4.83893981787574
41.2703950449366
18.1347142185414
2.57799892629882
39.4437797030249
15.6752537741577
4.74710881521819
40.5238906437734
12.7156239585443
7.97037944245482
39.2742261967725
14.2711451681379
6.3820999637848
35.9630050236369
15.150704512477
4.80643609925374
35.8590194037144
11.6897635455057
8.30539429740493
35.701500863963
10.1974614858592
10.4036486938451
34.090306067463
12.9063543991267
12.4955496722973
37.2178022869395
13.5269482224209
13.9149446244261
38.9899209372521
16.6009780627259
11.9960382619958
41.9505632763546
17.9939767390133
15.2367430668248
43.9055755864266
17.604091838786
15.577873900526
42.9052373638261
13.9569303130645
11.8947904704046
43.4649233074635
13.1719646505923
11.6306745802191
46.7341508489415
15.0745657855108
14.6824638505714
48.1183454823871
13.295917010147
13.1080191725412
47.1381200681078
9.98310550131899
9.87509674301588
48.9776961180725
10.7756100887304
11.8499191112129
51.9869836208217
11.9733852512156
13.5367438002071
51.7076165025275
8.57214996358621
10.4383387871567
51.4515702863237
6.35283211562667
8.80534273558778
54.1660964813313
8.44466992773786
11.7640170850173
56.4450429076072
7.87822197762065
11.0059893668209
55.9615051493477
4.19966367105769
7.34922496573377
56.9779790611732
4.48574565497168
6.03253565191451
53.5288503792805
3.54029888935257
4.79160425167316
52.4141706896076
6.96091644314687
3.12309196056332
54.4159273854556
9.72343990278355
3.59391483314401
53.3180408196201
13.3047537554378
0.696947823634351
53.9256130314248
15.6499516475687
0.302681231815787
53.4253748488799
19.381836508507
-2.41171311433184
51.0704060778461
20.5480326416928
-5.37439446469495
53.194645782486
21.7504364396917
-5.81546247883767
50.7027581927242
24.5988818484877
-2.32255436711586
49.3509640764197
25.3155907086203
-0.361566644103013
52.5122246736361
24.4436070008139
3.00165236299168
50.7905499429902
24.9096027434687
2.12669471631003
48.6517200124665
21.8753706091702
2.25209382928996
49.7692396370522
18.2515963403823
-0.0467984462373128
48.958017162649
15.3345760451933
1.41720852946713
48.7807136114638
11.8341424969273
-0.165902566537486
50.611268815455
8.91447626551529
0.893863043295695
51.3899275294599
5.36846788152645
1.13589361102279
54.980491427623
4.14035221209886
-0.30960650268297
55.8429919602435
0.732438737184035
3.25403252688309
55.7468860638625
-0.585304228509317
3.61074218981297
52.3326675875913
1.03412388433219
0.418248763175533
50.9445562027317
-0.436955482697223
1.63718300792262
52.1515013983453
-3.82249880715315
5.11023481412268
50.6207261457284
-3.56390399392963
3.67979858085469
47.3907514400829
-2.13847788800734
1.26012334855057
47.0583837692944
-5.05785496224572
4.03696269615646
47.7352009583371
-7.54926575338473
6.33500264197307
45.2453841494447
-5.78872672638535
3.58381089886467
42.6535941485786
-5.74800100892694
2.97909881012247
43.0245966232258
-9.49581469873793
6.72242058643132
42.5433474270824
-9.97356912333618
7.14471023356783
39.3211763953655
-7.97485346164598
4.06190500288993
37.7345501727202
-9.4842258939235
5.54765261979615
38.2180351753432
-12.9634974083495
8.86257320618692
36.8039983391925
-11.7390471921579
6.93868619178663
33.8247833484807
-10.259335803089
5.27534887093648
33.1201777168813
-13.5931195184769
8.74281135501335
33.1190453649827
-15.1819844086732
10.3817416485012
30.94821454488
-12.4925565803833
7.80927326869466
28.1755496163373
-12.586575881193
6.75096202285739
28.317082640179
-16.2289496552717
8.86188592833168
25.2514949712703
-16.9948305269042
6.60924228634796
23.1606410402485
-14.7215961656117
3.26346130114795
22.0339263910132
-16.1750213264894
0.141647195863191
22.4576417874044
-14.0135581750788
0.30473742290406
18.7789326008941
-12.9927093621158
3.98490682924693
19.1755373138704
-12.0930367315091
3.25858072513103
22.3180565108694
-10.0723859732205
0.47176897280873
20.5980278368686
-8.13271728560058
2.81520854398762
17.6830862502462
-7.50446214410742
5.66284810746644
19.9304581884777
-6.26186716272366
3.31255256516361
21.6649218917975
-3.8297677556892
1.93586536435898
18.2938717637133
-2.64900216291311
5.37939956344678
16.7424550666552
-2.09722371842456
6.57755699396961
19.8675741590616
-0.295064061246582
3.55835649988312
19.9232258929806
2.01701644362769
4.07402167541776
16.2480838661262
2.77865842591942
7.60357171718814
16.9571055140958
3.97220767305974
6.12236938271468
19.4362193075425
6.45591366280428
NA
NA
NA
NA
NA
NA
NA
NA
NA
NA
NA
NA
NA
NA
NA
NA
NA
NA
NA
NA
NA
NA
NA
NA
NA
NA
NA
11.7641681761287
8.16505493787312
8.71802974577349
13.5167923158667
7.34591984579351
5.43115138998798
17.0576065564489
7.55785497651005
4.04315174515426
17.7323879748311
11.0716527263918
2.69663831769354
18.2107705295994
11.4929501608578
-1.05728664199942
21.62401984126
13.3030006154152
-1.33972688064349
20.40475393314
15.322777250703
-4.33631443798967
17.5519575159745
17.0226724170597
-2.47074240089103
19.3960093835944
19.6913441081722
-0.438166666857402
21.4259426694685
20.833087909215
-3.48044820341526
18.478006645304
20.8311596665833
-5.92585338033652
16.3808923030659
22.8700054319531
-3.49239835083366
19.2098786955062
25.3063078344852
-2.69297568740461
19.776663913118
25.9216278107627
-6.39401187256826
16.1194461514644
26.8614893292932
-6.81407326073798
16.2703667515024
29.2717879561297
-3.87942498505756
19.4003214522656
31.0842718769421
-5.07153177891761
18.0000417353114
31.3085511711912
-8.57440709963027
14.8036049058113
32.7903227293947
-7.07909086407525
16.4217798039605
35.3223040109219
-4.73132260698605
18.8308222514665
36.4588046148169
-7.44890312344934
15.9844060866101
37.0701602115489
-9.90604075711759
13.7858002600091
38.8151230520569
-7.35121725940143
16.4771479781093
41.1929320006375
-6.01960843383481
17.5350249167148
41.7998605209649
-9.59840098915008
14.1269811656571
43.1147958547566
-10.5643139556348
13.5995749081869
44.9753837319749
-7.27563635046733
16.8336047435552
46.9302842678107
-7.8563194989536
16.2901769278839
47.5698192384824
-11.5728687358725
12.7933764424114
48.8770270904264
-10.8957934102138
14.4851559149391
50.9277447442616
-8.15858236234358
12.1499500640103
49.8911029209293
-5.33491517871406
15.1022304938977
49.686015828489
-2.92071540491356
13.6793879903937
46.6206268149054
-1.16220171272253
14.8025904714755
43.0865374712027
-0.31272263869031
12.4779680999634
40.0677630234855
-0.00817598598279273
12.1466295603556
40.478546632215
3.77905355537983
10.9443230122073
44.0474072418487
3.18306117851162
8.46225645928668
42.7112324748855
0.635475533434381
7.22784863078043
40.092582411393
3.14427029544525
6.76602674934377
42.6619537255131
5.90181822793949
4.7606294026709
45.0875880975879
3.76149106253542
2.6273097101148
42.1273505215566
2.68054259808176
1.8205411103086
41.0600570036807
6.25098822476015
0.882777885247933
44.5984286256496
7.28602658084609
-1.47357268987108
45.034412495382
4.32326114421944
-3.14275132485352
41.6359899051522
4.80189626906336
-3.68632391187232
42.3984918771858
8.4951316508508
-4.98050783995163
45.8895323158262
9.28629700403478
-3.54097824237433
47.4997376137803
12.4069332270091
-1.20533167912876
44.5216258370567
12.8098058829927
0.851949488627476
44.6284206382423
16.0009039803935
4.6371026411837
44.210813591905
16.2169339934545
4.50602993904588
40.9873752238125
18.244715548224
2.17192990138065
39.4022874664271
15.6926317299378
4.50539521663737
40.4837789644368
12.8749208217311
7.51298663413638
39.1355205384052
14.7649898897869
5.72202953804688
35.8521764428322
15.4366663223292
4.79274007365322
35.4087102387045
11.7757969150485
8.25874240507418
36.4219220444012
10.5679079816688
9.86241732482278
34.11699304973
13.1442779242999
12.2078934519875
36.9926998568371
13.9595307050114
13.1984008448089
38.5365415446678
17.2861424869424
11.1143160362183
41.5919584903267
18.1879006578409
14.1905676769147
43.824348442379
18.4011820332308
15.0481793710696
42.936198953351
14.8027788224735
11.4754424508362
43.5735201359757
13.5962993949743
11.3092157207162
47.0668866761883
15.0883935240145
14.5899059685187
48.0964701426414
13.4849879659663
13.1116976110777
46.8242730888125
10.2305631768184
10.0019609659572
48.9299130185018
10.8321348554176
12.0083496876213
52.0714150090475
11.5928197711194
13.7990162761915
51.6240823607673
8.27538466695215
10.4238296301909
51.4278245901742
6.48810405324289
8.9866276766949
54.4998029325711
8.22279036745421
12.1855051835866
56.3073090240585
7.32620661501493
10.9059448629088
56.0024931896192
3.78889044412747
7.31912883155747
56.8898031369791
4.6613242895033
6.19385991183136
53.3648496214296
3.70106777611051
4.88244910092265
52.2053354561567
7.0609318485937
2.98997412327305
54.1601226620297
9.71737541824191
2.63439209438318
53.3841576942729
13.4107696281178
-0.192571244818961
54.3330913661052
15.768653036022
-0.519013508016261
53.8477718619544
19.5025699375732
-3.28681088745574
51.3085028026501
20.0520645333862
-6.2739541448271
53.3625725826189
21.3312883210636
-7.83550825805762
50.3620889932616
23.0603507784232
-4.55944142036688
49.0599521607078
24.5078198607492
-2.48028826896622
52.2042456048885
25.0514989112037
0.989413269200873
50.6363523102152
24.7421853929746
1.68338847559358
48.3089610653573
21.8127756561383
1.00968243426918
50.2694570113296
18.617957849798
-0.570475551135464
49.0548160403252
15.3805204291334
0.977879212653293
49.0445442439961
11.8994277823265
-0.419351025652821
50.4469684187003
8.64635506635957
0.809211915594274
51.012096975443
5.11655283199172
0.985681731627634
54.6082893358769
3.89130636258825
-0.342253249749426
55.3264597298851
0.401033454862377
3.28617923815269
55.0871086662626
-0.755858393617526
3.79882697339849
51.8361158189045
1.12069238000261
0.665446274693642
50.3653195005045
-0.456639730481668
1.79868661519624
51.3486879634539
-3.95485110155889
5.31504516895544
50.044079524057
-3.37032279492288
3.95436559725288
46.8090123489948
-1.90323163347903
1.82424287482173
46.2773864071979
-5.01965972432134
4.75860787886049
46.8944708434165
-7.35495624117941
6.7569380297994
44.3995011655288
-5.31227983159575
3.95295696472588
41.8320744715851
-5.50823737274756
3.86077896904404
42.3420601239699
-9.26916649351995
7.54058224164787
41.4981387708248
-9.71853674691898
7.13689830740984
38.5813215972129
-7.31356484334913
4.27195020550828
37.3574557607359
-9.47272620547917
6.19947162751058
37.7122592141704
-12.7306178054489
9.24984078254531
35.9866445827562
-11.2614897777189
6.95426003630472
33.2268940670979
-9.91679496891902
5.56338795022085
32.8905121846266
-13.4526026657965
8.96384745633968
32.7054832190356
-15.1665747860885
10.1206465746296
29.9006356283269
-12.9037593290043
6.93056275778284
27.7762438736419
-12.9279649919447
5.21150674810895
28.3710759895852
-16.2973701604346
7.27877628807592
25.577787130959
-17.9325777929387
5.89700038347988
22.9068399720846
-15.5972121633255
2.53630434432174
21.3639081425536
-16.481728133677
-0.372951581389346
22.1012194983822
-14.1471883667676
-0.304821145021219
18.588074992191
-12.6585111276527
3.46955794640569
18.8474986922053
-12.1979258282017
2.89788037786819
22.1863817035449
-10.4657765868778
0.189937558557572
20.7006032931796
-8.25761690002628
2.52395931176106
17.7936292209932
-7.46781300081532
5.29946671142999
20.254212079627
-6.57253389898151
3.09947866596101
22.2141818148953
-4.13832186289546
1.99775089581494
18.923008311213
-2.59080033181785
5.54463250883679
17.6751521271927
-2.04139359067819
6.55935705120041
21.0723000549396
-0.649049502412015
3.67370494520467
20.847267644894
1.81541845996678
4.6790803894666
17.2667950325953
2.66644083843524
8.01252075437551
18.5496849168096
3.99088897957801
6.45591004417554
20.9374488697867
6.4968555399602
3.30350051854687
18.9393127200994
7.28272837320886
5.11905009713899
15.7027037595203
8.15120529516639
7.63862369696796
17.5941602594506
10.2997290171476
NA
NA
NA
NA
NA
NA
NA
NA
NA
NA
NA
NA
NA
NA
NA
NA
NA
NA
NA
NA
NA
12.1442331599191
6.6248716315538
5.33255261526169
15.842090497899
7.46439934203021
4.79598730582571
16.2732107539164
11.0435846681917
3.56644725936872
17.5857762394458
11.7775013847506
0.0754674399838259
20.9043224828126
13.6929055247974
0.529308613663827
20.1890885944268
15.887498247703
-2.50245741712986
16.7639514691394
17.0443530617058
-1.31168304207113
17.4906998499997
20.0296590674423
0.970752902929316
20.326974383653
21.2566437354329
-1.25304866066982
17.7747999710764
21.1105934896984
-4.04826870451432
15.260899427994
23.1291079001495
-1.99021315757411
17.7188960390323
25.7716810993916
-0.742629273912863
18.9015023808706
26.0526587867791
-4.34354023913182
15.4488332698128
26.9524124514115
-5.66767480651056
15.0057987767578
29.5611045428207
-2.93471029701129
18.2933528309558
31.3546686228334
-3.53660416773466
17.3550686256356
31.4912086810064
-7.2128481153748
13.9348436538928
33.0964357123438
-6.6700762290998
15.4218989634775
35.5233971978036
-4.13829159087901
18.1517139211213
36.6066799529785
-6.56888077240777
15.5655352984413
36.8441723983786
-9.34076162662399
13.2754147207487
39.0707393442045
-7.24596822979832
16.1824180145437
41.2838332715848
-6.17453642214215
17.1887402840951
41.861871128866
-9.78400199551372
13.6745897886219
42.8601226939219
-10.8419651839229
13.2441518888506
45.1794645228211
-7.83780378759962
16.3379180563901
47.1643633481578
-8.74787661642401
15.2224495217849
47.43095840372
-12.3839159485346
12.0070034918054
49.179964646295
-11.3526574980368
14.1993491626605
51.2619410732053
-9.0573275397797
12.2333822566345
50.3307614273927
-5.91325969833051
15.3309464260308
50.1375715349373
-3.71400621545831
13.7210346538037
47.3519642999408
-1.6745387805676
14.9189940263657
43.819908741068
-0.869379870335005
12.6192617340228
40.772982581197
-0.833402657414357
12.3411928285999
40.8222532457232
2.9664757729376
11.1318666249215
44.4438747291386
2.86751636731486
8.25827298142739
43.3853913991744
0.620020291176281
7.57321933592794
40.5267521386547
3.02085287197055
7.20694855845685
43.1359200692714
5.79322684158794
4.74145046808922
45.2817333191106
3.84254627747499
2.68934017789585
42.2059752260543
2.92165512762034
2.28564767167406
41.0723928555979
6.52186531173613
1.31900264915171
44.5570546668992
7.68747693714611
-1.26029948485315
44.769507085328
4.88910625558481
-2.88115238506624
41.3771217305627
5.46259599450322
-2.97274205847005
41.5334658051429
9.25814073301829
-5.01053899849932
44.2739727793843
10.9129927370783
-3.3141267685971
46.0643932271029
13.777080229916
-0.101104056789476
44.0363187814625
13.5482132459523
2.58736815716267
45.060448377227
16.068992832883
6.39777519661896
44.8245320668052
16.3459886598172
6.30702261186914
41.6776363601928
18.4872745772196
4.09775577372235
39.6613365406851
16.1272819764434
6.00526729167352
41.0304222808988
13.156595852864
9.22717979179052
39.7637193300757
14.6992907274149
7.67663897146254
36.3604818316253
15.3807176814153
6.34893019465883
35.6909801230536
11.8825584703133
9.51535199308971
37.1312610335392
10.3221553514647
11.5600072041402
34.7076093252777
12.4298456667068
13.7292069753401
37.7329920652698
13.1850341393312
15.2647711756162
39.3910010163064
16.2273605362046
13.7653445073229
42.5845074612517
17.6618629769497
16.8765108082776
44.711039510722
17.0586684060366
16.9593787674608
44.1195733946147
13.3082539309635
13.1996840935896
44.3129843364134
12.7798807987391
13.2399509682891
47.5993142191839
14.7365226873869
15.8946273463296
49.0683808436469
12.430633145201
13.7914839934342
47.7778381947806
9.51709891533016
10.5557764687937
49.3888210515051
10.7301925021259
12.3357132526159
52.671213766742
11.4379552509028
13.7214547577347
52.5285977091003
7.89954584255362
10.3002753102939
51.8868744040854
6.34027056595572
8.79456485295227
54.5783715934537
8.57232878613594
11.5284446869235
56.9740499613949
7.49386357539247
10.4476896032877
56.6364814542246
3.87847287006585
6.7961491740389
57.03276607205
4.83956807619091
5.80491245394512
53.4946378374602
3.82599402347634
4.68292911583596
52.5343525888065
7.32402598877105
3.36550353333616
54.2416043537026
10.4707096789176
2.48958415703566
53.2479849518029
14.0364938465853
-0.700815963984248
54.3391591719341
15.8244336915234
-2.67450498256112
53.7276858293928
19.0285036048228
NA
NA
NA
NA
NA
NA
NA
NA
NA
NA
NA
NA
NA
NA
NA
NA
NA
NA
NA
NA
NA
0.808969362989973
50.7332616747658
19.0819027253545
-0.00901799905303768
48.9951741113497
15.7940322447186
1.56741563719908
49.0052044165843
12.3337291678958
-0.172942458803119
50.3002606159373
9.22008883250105
0.615241384387207
50.943993730607
5.58476286274107
0.661617785380331
54.5063712590903
4.30113340920403
-0.740498841929476
55.6038476891304
0.971157816361372
2.80785475178756
55.2070205673081
-0.421045476746943
3.36276563830642
51.870969912732
1.25305515885584
0.137417801084908
50.5147723182715
-0.221920235416852
1.2582680749372
51.4548925651393
-3.74104933009843
4.81755525481055
50.1895328309686
-3.33198513669036
3.63553711287929
46.9000010210264
-1.87369587062412
1.27178448836855
46.4591900683111
-4.81204646816772
4.04896617397725
47.2413754569822
-7.25316033336718
6.27131302647022
44.6029892699572
-5.59625243148171
3.65555018575852
41.8405529251805
-5.61723342784928
3.12923416159543
42.3379918769365
-9.33681565331293
6.88150304428642
41.8406281106674
-9.70237346815425
7.15183842736269
38.7153806976006
-7.58823217964583
4.05429253943086
37.3713022023908
-9.29879362866521
5.80033402560109
37.4012293953769
-12.678156659133
9.07515043136688
36.0502280998596
-11.237137572501
7.43671161685554
32.9206165529851
-9.82471418811067
5.62771403572534
32.5753334143293
-13.1484675341978
8.83007677909677
32.4628465947914
-15.2012674697241
10.245752173007
29.8999155106612
-12.7508649646086
7.41969572045364
27.3998925341254
-13.2220157300489
6.37094888768182
28.0062327681888
-16.8493127404007
9.16095533144163
25.7760435671789
-18.244359754475
7.65000796183852
22.8218089806702
-16.3829621467176
5.00145903339728
20.6437710946496
-18.0084385509486
1.5129189234024
20.9144975956891
-16.4784891849263
1.89322491005917
17.3759924331267
-15.1347494143487
5.29212997980713
18.1681518893986
-13.6659275317909
3.88253719134916
21.2836160364046
-11.9801617356473
0.9209879899594
19.310803622572
-10.5996236131837
3.21199310042332
16.621876065157
-9.18576429387274
5.42726521683885
19.3151280890337
-7.65060176628299
2.44943017573786
20.9803403688054
-5.93922818600056
1.49267271995545
17.5861673125338
-4.57043658941444
4.92221180361203
16.4796417187675
-3.35130378942412
5.3890931014023
19.8953124919188
-1.72539603582503
2.08235790377209
19.5134861034709
0.13562839760897
3.05899478596662
15.9708398647727
1.15699367397911
5.97545853255121
17.4574306191774
3.07874109332858
3.57729872938806
19.5020144041599
5.20984777875732
NA
NA
NA
NA
NA
NA
NA
NA
NA
NA
NA
NA
NA
NA
NA
NA
NA
NA
NA
NA
NA
NA
NA
NA
NA
NA
NA
NA
NA
NA
NA
NA
NA
15.5312255277645
8.42739792872639
5.56152882326097
16.2611918070572
11.8290524157218
4.00350379708213
17.3601040024687
12.3504437324915
0.394843508058912
20.7541194188059
14.1994118817335
0.343276689719154
19.7899471729266
16.3296556618868
-2.6799962581627
16.5172349860012
17.7373610131157
-1.36440719402773
17.7771008955206
20.5517781823319
0.87158540158872
20.3768162394379
21.4882547202913
-1.77677953256453
17.6311984531857
21.5258377462528
-4.39814110395738
15.4707694790818
23.8298316596219
-2.25990334940094
18.3855526230091
26.1655542758113
-1.553739003021
19.2502447538579
26.4754523972317
-5.24050556373355
15.6665795029231
27.4733314028606
-6.04653959488089
15.6942223622416
29.9090994384227
-3.10833607074189
18.8206406642024
31.6850661489768
-4.35028206158378
17.5108730620321
31.8097432122145
-7.93238234747857
14.2696666567425
33.4447622484052
-6.79322705095236
16.0771840181104
35.8676026982156
-4.47658980202538
18.4772136360926
37.045791220535
-7.1745927002231
15.7651076389166
37.5372262639904
-9.79916460019954
13.672790088501
39.5303082445232
-7.33587361310555
16.5259189859997
41.8178178810935
-6.29974371929138
17.4332161029681
42.2308678024045
-9.94868804663399
13.8367486367977
43.1872700159364
-10.7376991813648
13.5097113015463
45.5783134375564
-7.7759230356577
16.7596728058336
47.2309009837011
-8.84397061089857
15.6743053054384
47.5689688815101
-12.4672163223508
12.5572454185695
49.3534957510602
-11.181408205435
14.596367403476
51.5217268175637
-8.79047855926817
12.2921790067315
50.5818930469944
-5.90695080389536
15.1932077378194
50.5447676167254
-3.47535811517679
13.8975201593944
47.5423912388094
-1.5342438000353
15.3927363207975
44.2238742407777
-0.449079497059115
13.3420943495844
41.0383838536192
-0.940281593166192
12.9222906539509
40.8541607532493
2.86263172512317
11.5271330526623
44.3985412632662
2.76825446208117
9.03461106075071
43.0621298565785
0.257644043893503
8.13694560271372
40.3127232596098
2.73368142042727
7.54408482371146
42.7666125623071
5.58628205613304
5.1811990211758
44.8877487161661
3.52275253103103
3.38995369093152
41.6944039874008
2.49862577610997
2.76247131929346
40.4946806098667
6.05466918004667
1.66169567741513
43.9446237456325
7.21270991604426
-0.699694630681165
44.2248403420981
4.2517836299145
-2.06475812553549
40.681099741791
4.612014406988
-2.43009458844199
40.9521954382779
8.38117696546399
-3.71519085010804
44.5068264302767
8.8813040582846
-2.93503442214596
45.6370220817391
12.4061813238536
-0.473112223592945
42.904799745746
13.3639642820296
1.98134665206632
43.4755314988491
16.2069959198587
5.77959254577128
43.7367635161224
16.0418082565641
5.94011731493966
40.5106223705263
18.0434116406478
4.09199224221175
38.6668908221719
15.2862918222218
6.26429624640522
40.130322204061
12.518063886544
9.38611619733912
39.1200273114553
14.3964997848184
8.42255764453859
35.46821823492
14.7614194799013
7.2949613090861
35.0624210988197
11.1425938155998
10.3635750470915
36.8935721281263
9.81822013917988
12.5864443835338
34.8102387222809
12.0981297499306
13.9496880227179
38.072914525371
13.4471284097352
14.1100590519423
39.0999159393164
17.1031354158471
12.4842266478637
42.2892997980737
18.4029233198324
15.6955615791131
44.2725352206901
17.9453304682526
15.993928057285
43.5541841103808
14.2144643319485
12.3152807253183
43.7578447240707
13.3194553032532
12.0685093121563
47.0709517654111
15.1521534786947
15.1585130978262
48.52174672126
13.4989808922328
13.650744403015
47.5090832058361
10.1437461511936
10.2279184267749
48.9086449360673
10.9953389527416
11.6395569432475
52.3043469976114
12.0353457835055
13.3617577277252
52.3996898762666
8.6495824731966
10.1295273747261
51.7217170187387
6.74380526963723
8.2704554892173
54.408337191045
8.69318844753423
11.132407966599
56.7318930057401
7.83117139827981
10.301986475684
56.207670051273
4.1796587745256
6.62300961891911
56.7336513883099
4.95390803702265
5.71738319779272
53.1607506216989
3.95357964229014
4.44681816700585
51.9622089142639
7.31694897646688
2.62068079615278
53.7719282781572
10.1230960016107
2.3721870670192
52.764263075915
13.7758827058642
-0.718060222149633
52.749927227998
15.976882064167
-0.92103122877022
52.3721269449155
19.7527129285694
-2.96145545934485
49.2303868364867
20.4173324064466
NA
NA
NA
NA
NA
NA
NA
NA
NA
NA
NA
NA
0.109350086795137
48.9008938786745
25.1309134960798
2.06396697577108
47.6482146917985
22.1055947240993
1.84320974183781
48.9608540238654
18.5346329170259
-0.0924450722492036
47.8131542885296
15.4735455680252
1.14620303394024
48.1030584719585
11.8804281981827
-0.58266408449356
49.376338661653
8.75095187692225
0.683989440056786
50.2689619154852
5.30042980403788
0.48736222399336
53.8822451480536
4.15897502212878
-0.93415242422126
54.7798071424058
0.749300027176067
2.64965483926876
54.8410621613152
-0.508045717165795
3.28869013913579
51.5467352700027
1.25915976570804
0.411566236789293
49.9404161041165
-0.614406562942499
1.55622699461009
51.4008174977107
-3.93875514861958
5.06097431075056
50.0919246196387
-3.30714396779803
3.69283397117945
46.7314950727648
-2.12955733755175
1.40331833854635
46.465029757559
-5.1453189998389
4.38186494534852
46.9359214089869
-7.4327634611806
6.34801042246179
44.4321697631368
-5.32945329415095
3.84319469609341
41.6067672813162
-5.78500569800732
3.69256055071842
42.1342302960429
-9.54781875771977
7.43241585269776
41.5995672119506
-9.57076885066029
6.97697731683975
38.571827283953
-7.30914207586641
4.4525301560845
36.9884352631154
-9.63862447350388
6.55864314850044
37.4638876732063
-12.7645817779013
9.65686223529208
35.9161667096677
-11.160826089131
7.73213869164171
32.8334685613584
-10.0237784177784
5.69184604020926
32.4531232750679
-13.2372602303468
9.07716278168248
32.3006282005017
-14.9315343557864
10.3009540742459
29.7014451623592
-12.4392754594279
7.31040388897783
27.3637880429958
-12.8838053028387
6.44552327304358
27.8397213571114
-16.5957001020883
8.45137782052935
24.8090762666042
-17.821934121236
6.37319826993815
22.420381946395
-15.6941927835484
3.26047492100443
20.8801017092737
-17.2103059535119
-0.0658927604227362
21.5988512433951
-15.4614525705328
0.111351366978369
18.0432536634371
-14.1392724131038
3.66551053935512
18.4540192251677
-12.8777157434665
2.51476547626621
21.7256408575366
-11.3502856487021
-0.248854284240878
19.9218700203591
-9.45449093769486
2.18450699174655
17.2758341351896
-8.18653194982501
4.55315476200267
20.0622250662327
-7.08110926150094
1.92400471345067
21.9452809040945
-5.09777047710385
0.951410250749238
18.7594641950938
-3.27045635310251
4.5392932446391
17.8359618873634
-2.42724279191384
5.05171537210238
21.3580035923876
-1.11805724686842
1.95599485285005
20.9753745329096
1.05770020044115
3.30833435051374
17.6321938563606
2.27409316614265
6.38346150961566
19.4036670008578
3.6713561527272
4.53604800721347
21.8544667435435
5.93538485669584
3.36064917517782
19.0356857808903
8.22420212118713
1.22937672577243
19.812871618571
11.2832683055176
NA
NA
NA
NA
NA
NA
NA
NA
NA
NA
NA
NA
NA
NA
NA
NA
NA
NA
8.11110230271737
6.62957924201049
8.85925150275288
11.5354248475258
8.11467034941192
8.123474694316
12.9895017402255
6.6336929738715
4.92371354647164
16.6539742067036
7.05194806917179
3.8178273779718
17.4121239596472
10.5864228646457
2.58566347967282
18.9350572666113
11.0558285433385
-0.887208883566347
22.0433984778086
13.3116413627581
-0.638521452209251
21.0970081332706
15.2456419766401
-3.79920095846569
17.9378826084817
16.7294798422807
-2.21531077694479
19.5408066478582
19.393903342702
-0.0140718225393322
21.7489730485978
20.8745470567735
-2.75588588235914
18.9486487923382
20.7865597693701
-5.32970256135161
16.6128598092727
22.641247266592
-2.93409969062403
19.3036223766081
25.20315637798
-2.15252659025934
19.8457109451649
25.7473042899388
-5.89853847408337
16.1432777768549
26.4867799945021
-6.40915605756303
16.0333424493529
28.9076617097593
-3.45308587157285
19.136545941414
30.6043032230679
-4.84376723773028
17.6546976399334
30.9962522048991
-8.32863733674984
14.322542232113
32.2937237246763
-7.02760620972009
16.0634992348977
34.836617193825
-4.77949132853271
18.292528925618
36.0552252799511
-7.64493003321924
15.4598760700386
36.7683625656697
-10.0980641533798
13.2104987613395
38.4483289952302
-7.50699882833316
16.082179619782
40.6905221083166
-6.43435485623293
17.1828209308726
41.648609270277
-9.92643341984049
13.678782939839
42.6705118859012
-10.9701545519315
13.0392665657995
44.7439802522143
-7.85531446916086
16.3665283080832
46.5090035462686
-8.46390962998716
15.4321132370508
47.3689897741051
-12.0567935917871
12.3674631007666
49.3201939833992
-10.9433724334621
14.7824999063842
50.6955210475198
-8.34675488476343
12.3434449191668
50.1066091826904
-5.48632054977281
15.3089911445344
49.5263579721119
-3.20525805220058
13.4572535827238
46.6785401002187
-1.49164013367104
14.5532872791908
43.1654347748008
-0.575830596305595
12.2013830570984
40.1621139800476
-0.729371255113437
11.8185876801783
40.3616351996731
3.07220052276053
10.7487382988291
44.0039354939977
2.79008021652579
8.14817987139554
43.1347546497759
0.184589566851072
6.94299358380865
40.3789763733332
2.50445014526941
6.52783227037023
42.8424840056132
5.39548857972901
4.49094159572461
45.338937886736
3.37048699973739
2.34243170805778
42.4387175557065
2.16746692755187
1.66958221801732
41.1005487078153
5.66511952583629
0.908073886367307
44.6122248218818
6.94064331264793
-1.43087349937609
45.3536732224289
4.00408454496589
-3.02267017218292
41.9249590184839
4.3971790121199
-3.77930676173766
42.2257819375311
8.12629588380989
-4.7554842892684
45.834310528524
8.87340152743081
-3.54404526335766
47.0332709463707
12.2634396397442
-1.14874297824302
44.0753130539208
12.4400892064521
0.884204173380581
44.3097500428479
15.6354482124056
4.6684043134547
44.1937536515661
15.8939731378434
4.62052821125499
41.0793641715807
18.1070201427203
2.5272149341188
39.1892318188305
15.5547589466723
4.50654864509992
40.3737997313193
12.5231661439899
7.51564430955518
38.9656240699705
14.3449536148387
5.79603044856398
35.6385973275311
14.9392828368865
4.61983111635234
35.4434239549338
11.3335696639436
8.15969310829508
36.1871382224458
10.1305209673822
9.91919740857847
33.9903986664742
12.6986745727013
12.1996879560523
36.844711413723
13.7563997750933
12.8861204579543
38.2644747432263
17.2170581674415
11.3565258972153
41.5812393165587
18.3174304884515
14.5961026994298
43.5696257549614
18.3077086506509
15.4058059581706
42.574790570543
14.740801224234
11.8307103728356
42.9479016516425
13.4895244055886
11.2514800753106
46.2448457527109
15.2832082843307
14.4118193373933
47.5907396250432
13.6844245488125
13.2231464095349
46.59437981588
10.2035420743154
9.95950083841222
48.4342721346009
10.8528485055195
11.8631288066578
51.5447820527261
11.9887184838877
13.8584951258954
51.2933935123592
8.78375607321506
10.6625210620978
51.2049298229576
6.72638397289126
9.29462117911931
54.105634451548
8.77805538123664
12.2885726685537
56.2608176017592
7.93641824567339
11.5000300633079
55.5983189086487
4.28600264723272
7.90140422894072
56.653254193651
4.85135267038852
6.46323589304496
53.2726624597472
3.85560101144537
4.88665308936265
52.2454664453129
7.16107662186266
3.7917755845587
53.9706215303655
10.3364237181643
3.54135957490053
52.5614253655141
13.8631808675971
0.517510767925142
53.4388504210467
15.9591459590233
0.105734860057519
52.7715884685661
19.6828970366964
-2.87555328521086
50.4281367289214
20.0837909613678
-5.27760286941476
52.6007841281984
22.1352048819213
-7.21144557738113
49.5417841228748
23.2728394226573
-4.47257909793743
47.5442392069313
24.9857964322077
-2.23360550405602
50.6227061603914
25.3586535930017
0.626756447502739
48.1614748394275
24.8180401536744
1.19088834473865
46.9825361400253
21.2373268524489
1.92475310375994
48.9785473942238
18.0975869605821
-0.421125548044898
48.5804948111894
15.1722739017547
1.26525185631127
48.7782893381687
11.7879419772571
-0.251926215803421
50.5486093271563
8.78967867426229
1.04511345772487
51.3569250958086
5.32415595706048
1.40058614005325
54.9793850204613
4.23632082874226
0.128667604051785
56.2173776908052
0.871736101625004
3.62641034130988
55.6661042274055
-0.526296556258793
3.84474015418483
52.2367948584156
1.11947813809283
0.591668425050496
50.9733848930346
-0.383833401303729
1.83972512400165
52.2653950939888
-3.72701902535055
5.25958494480805
50.5809693098321
-3.4809589032223
3.54353864853526
47.4038277726879
-2.23962141405911
1.15952380352653
47.2858491663091
-5.22066775170884
3.97748063566477
47.8258824202974
-7.6919719371122
6.19228563745969
45.3102665968808
-5.84195982012489
3.41018145177788
42.7386295200584
-5.79078321292652
2.98489492071256
43.1765553238474
-9.56225644720383
6.71171308084818
42.6727333966181
-10.1397223482978
6.37289070279898
39.4802689261987
-8.09341934012857
3.4120174987601
38.1460931649101
-10.0529394108588
5.5072867929576
38.3333918940548
-13.2232193308113
8.60271863647808
36.8905549569067
-11.5456769990293
6.5228360040022
33.9307987615973
-10.3537837573954
5.31083340330642
33.3751898850786
-13.9143929008202
8.89246597661259
33.235907205468
-15.1707389697808
10.033844780316
30.8708043006011
-12.4183012001215
7.25713699784069
28.2713608393796
-12.6081052639718
5.85780377451362
28.5382576958064
-16.1389560960125
8.32710296331772
25.8286089474699
-17.2483609710738
6.50858966793288
23.4246684542203
-14.9017019631599
3.19230571441033
21.9704769091327
-16.0989357288901
0.185274308157057
22.5092835634778
-13.7821250954891
0.411360910774641
18.8857960394025
-12.6251976945743
4.11998922601968
19.1635488926666
-11.8128754851854
3.44596681612183
22.3765186381823
-9.90900647567975
0.713559222511672
20.7283227670957
-7.82962312648347
2.95819781698278
17.7180719201075
-7.20606204814568
5.74800955558099
20.0252847350404
-6.00967687196326
3.35113702167377
21.8141906176838
-3.64391657150062
2.16068200502436
18.4687657802182
-2.21690588121038
5.65795514787476
17.0927744934829
-1.69483065375189
6.86537944139034
20.2655903613252
0.0139794715097183
3.86178846150802
20.2870856976707
2.35925348025261
4.43100216438911
16.5891550181742
3.04660233643214
7.90434548971963
17.4445451640163
4.34786128175323
6.5405234230496
20.1552352587387
6.63015543037606
3.56303222975967
17.9977413106738
7.64260743316144
NA
NA
NA
NA
NA
NA
NA
NA
NA
NA
NA
NA
NA
NA
NA
NA
NA
NA
NA
NA
NA
7.82834353042691
3.38675306289833
4.48775182068917
11.3432546970498
4.8352784936726
4.32992417054487
13.5735619850965
4.434956790174
1.25793915518534
17.2546544212328
5.25301834714072
0.725965691905985
17.6787213619048
8.94932459155056
-0.0602132809532617
18.8379984599612
10.2303640783165
-3.42721334677868
21.8890232776179
12.438456520218
-2.74135597818066
20.9290309034563
14.9291807351318
-5.557646717219
17.6290028994349
15.8973363909732
-3.90453456169629
18.8223971634524
18.2412624466758
-1.13695027643802
21.1325754538247
20.1622900114012
-3.52931466387098
18.3668829736954
20.3412845463829
-6.17458781834907
15.9166594572082
21.8272121308063
-3.67706666066032
18.5483329643831
24.2387883296565
-2.22828345093806
19.4521027153522
25.405000778822
-5.77892378201141
15.831107731321
26.2362308905665
-6.53131252923581
15.5263925434934
28.2051771559798
-3.30185355624628
18.7377469842243
30.1636078040254
-3.94551655253691
17.6961257822973
30.8624193366935
-7.55413466942131
14.3244237144787
32.2398911886766
-6.47672042092529
15.8138157582605
34.3185490398242
-3.64714344233257
18.3072205441817
35.8719501937413
-6.09230814610081
15.7066764084802
36.5257807005573
-8.78435548346791
13.2547242803897
38.2321815269408
-6.37356702711798
15.9797259166023
40.5847968647072
-5.17859374074501
17.1205528149061
41.2694602942967
-8.73612251452736
13.5363754762618
42.1524018835854
-9.79158779347
12.9388942093544
44.3641602731282
-6.72388263130375
16.1490631910246
46.2093577397407
-7.66437527791478
15.22088580586
46.2797776674567
-11.3670598142275
12.0524631024552
48.1555004427487
-10.4852510805445
14.0395559750629
50.4827436059927
-8.17545408193935
11.8477666010039
49.5121240798047
-5.25468584821309
14.7904632937624
49.6499871527753
-2.79339575000459
13.3950132449351
46.7938850388352
-0.712553162019009
14.6935888999981
43.4646482852516
0.558174545503704
12.4416925908676
40.5263158421525
1.40655091643541
12.4455347844771
41.3111329575576
5.17937854739279
11.2498881371952
44.8191412409229
4.38681436785674
8.35191231970483
43.4000250478622
2.31350556504083
7.48591120257559
41.0256166192647
5.14568364548285
7.0459911413702
44.062965889803
7.46351404232162
4.8873633533239
45.8741763547071
4.87965438582006
2.77000375223605
42.7340086175429
4.31166943694007
2.03961068335747
42.3144188659616
8.05477034465042
1.11128823681351
45.9647028386999
8.38544897052792
-1.15357590994129
45.6597285139253
5.32043884689489
-2.8825862800302
42.4597968281524
6.59717153094121
-3.13089840043428
43.5558436102131
10.2603483683864
-3.69779216952455
47.251977730819
9.65426337677303
-3.585465588343
49.1695068696194
12.9315704635459
-1.47464167871245
46.6768192747495
14.8796395015715
0.931713107614715
48.1201311909071
17.42595710843
4.69157996020594
48.3924112567361
17.1225665737426
5.42521752367444
45.8894767549893
19.9124109789798
3.06205600063044
43.3498797652308
18.3233887180866
4.69362798665264
43.7453310375513
14.8868541051884
8.1002684357311
43.3838134277348
16.5256740673853
7.18153006440657
40.095174428773
18.1478677486587
5.74701295645789
38.6951581492525
14.9045996308368
8.88353132242966
39.6093491160594
12.9811362399373
10.8025908269249
37.3735383589833
15.4439932956248
NA
NA
NA
NA
NA
NA
NA
NA
NA
15.6826364026489
47.5664615019378
18.5028177398645
16.4448968296233
46.2479328174078
14.9871432456116
12.8435248895551
45.9838625037441
13.7528790847728
12.1983193374388
49.4447948086164
15.2653913579823
15.1165600958066
50.5877365838565
13.0520228901009
13.515048587271
49.0152625195964
9.97390979840701
10.0893868490262
50.338064743661
10.8668963218974
11.6950825789619
53.7673811373339
11.1971163923854
13.3909111417334
53.3918238097205
7.79599125805646
10.054676037306
52.461671719182
6.1692738835709
8.48510402299145
55.4622617427416
7.99429476082004
11.2169271629198
57.8486918290475
6.70287547363021
10.3199900698675
56.7101196360312
3.17362708163553
6.65306504338755
57.4655805412079
3.89538027416345
5.66134631660979
53.8377041955844
3.36932306451477
4.3675830968782
53.3601344923436
6.91067561824566
2.4514230658773
55.7998096279792
9.11006961845474
1.58095963754805
55.9583426359286
12.7763566646817
NA
NA
NA
NA
NA
NA
NA
NA
NA
NA
NA
NA
NA
NA
NA
NA
NA
NA
NA
NA
NA
NA
NA
NA
NA
NA
NA
NA
NA
NA
-0.772529659922556
51.8495977027692
15.6631680892345
0.73128099642467
51.2325858884556
12.2353248998727
-0.742134558926372
51.6525934113214
8.75080738922858
0.563490019591701
51.5759929473235
5.19318418983199
0.444137813621782
54.8893189801981
3.4304931644944
-0.785274660634336
55.0895175774278
-0.141497385578578
2.84593638326948
54.7955246055923
-1.22816407189148
3.37955139199237
51.8167384052015
1.06884654950913
0.32244457698783
50.04295143142
-0.24576734563109
1.47239354842031
50.5516520767981
-3.84130778018238
5.00545103295851
49.308225726095
-3.21369586082002
3.71928040578251
46.2573623728024
-1.31612374958789
1.36443068504514
45.4194708719578
-4.18848943409877
4.22604167452992
45.7956765600823
-6.67673576938849
6.51159927578242
43.526258894463
-4.58705926085142
3.71937508922748
40.8633806193566
-4.50217472760588
3.41789151878365
41.090685882007
-8.29439056723367
7.17367297652559
40.4596333248955
-8.48927081724595
7.0326937245141
37.4609564845896
-6.10270046254961
4.2150679761717
35.9040012413307
-8.14003340361908
5.99061178499117
36.5282907525486
-11.4819573688143
9.31506883384234
35.0678947490559
-10.3746580220583
7.5451568866348
31.8692371745856
-9.33536046100265
5.64109018361365
31.7623861427863
-12.6283560345572
8.96594963731592
32.1261634998815
-14.4333985957151
10.4335349803466
29.315783766691
-12.2488409708872
7.73265454165435
26.8152477536415
-13.1707251845129
7.40919853892255
27.9331846318314
-16.8326508187496
9.72422187663734
25.2538810288338
-18.2033740398268
7.41802322862687
22.51489076324
-16.9303425708925
4.43445959385554
21.2524730161135
-18.8823157953528
1.03196944179434
21.0919087822828
-17.2061836728932
1.5244155974204
17.3973871213901
-16.4232542501457
5.02981706640019
18.0324616770096
-15.0708523682781
3.60288014379514
20.8268659762288
-12.9421051706495
0.895356861477607
18.5390872849196
-11.5361502157168
3.44648534481724
15.7816767218605
-10.9096524517752
5.68490519930447
18.1975423416761
-8.9914098023613
2.69809307917013
19.3677601596384
-6.85513650113269
1.94649078246487
15.760096701635
-6.02256736804276
5.49520323749204
14.762805442041
-5.05452860070316
5.95455950330812
17.8703487608351
-2.85893110961489
2.64350704848809
17.0729587507667
-1.15960247357263
3.58438800727173
13.4237724392259
-0.674783656835977
6.86919200131223
14.4432336185392
1.04182102235158
5.05432059310162
16.6952411104882
3.46076563268584
2.06917883948604
14.4283600624601
4.23658070402169
4.38487210869996
11.6941041150253
5.58375185010314
5.90631522988625
14.0419706882556
8.1704206312389
NA
NA
NA
NA
NA
NA
NA
NA
NA
NA
NA
NA
NA
NA
NA
14.7145052016729
5.95468589795926
7.76077639575986
13.4193319385779
3.47182916682348
5.11253024571683
16.1118163205593
3.98272945909167
2.44855544400673
18.9228581758778
6.44733225409121
2.02057676401444
17.698199944509
9.77516954824519
0.55335075552813
18.6500892985864
10.6290987877876
-3.00534472335859
21.8189683716037
12.7862700327113
-2.45453927615656
20.8045824715663
15.2448035563954
-5.17916478413507
17.3833289408903
16.0670450793912
-3.74792086477743
18.3164786456231
18.5245543497855
-0.987659316575292
20.6519914190401
20.4647406676869
-3.2975342346248
18.1150256110221
20.5144269353167
-6.16856780526737
15.4885129316599
21.9275048530279
-3.76342998309861
17.9544948156399
24.4672231435973
-2.2964267954982
18.843020334218
25.6024617848685
-5.8393094678711
15.1725492564762
26.3548427528052
-6.57270018675644
14.8486860915923
28.2644175206312
-3.26920993302275
18.0719144610583
30.1157981032446
-4.20229236056711
16.801685488151
30.9408634031481
-7.64793027063283
13.5627075306234
32.417900999371
-6.28249454164578
15.3974550853259
34.6501255374284
-3.80027275014383
17.9790814807252
35.7688788122713
-6.30482905108942
15.4730997282605
36.60370298161
-8.98952029266675
13.1237457824817
38.4940672122406
-6.67565575190246
16.0091516463771
40.4561346708812
-5.26905158286912
17.4256846164085
41.2237675302055
-8.70521443379741
14.0405152557274
42.533980345061
-9.92716687939216
13.6103799195275
44.7194188578791
-6.83596515526551
17.1359701427529
46.0552151990622
-7.36636756172632
16.7281907633476
46.5976585448168
-11.1438676867268
13.4930859404678
48.4412537192224
-10.4526118600691
15.2520791441014
50.7718485931198
-7.89972497590556
12.9652220996213
49.8573564909425
-5.06776769282954
15.6624134965229
49.4684830286731
-2.37133597687181
13.7769847758524
46.6569891517969
-0.642884728048661
15.1820684686983
43.6669465439621
1.25738446852089
13.3373108429682
40.5419363838477
2.41934264396988
12.8264745277515
42.0952490912185
5.89500544294454
11.2161746276037
45.169826722351
4.27844408570389
8.86448155231206
42.9854257900116
2.23138344995802
7.93419246683434
40.9737332813324
5.31251464936594
7.19436984505232
44.0782540114843
7.38875151551498
4.97778261961035
45.5958609766205
4.67838029160897
3.1058617227868
42.2832377912656
4.37609104620874
2.35511768805627
42.0129731292531
8.11786634769115
1.16275368671262
45.6126558200759
8.3406389081442
-1.15383320360678
45.1128558573676
5.37788829817427
-2.45143341456465
41.7929210992189
6.71275154740918
-2.98210957635817
43.1574365889139
10.1981092463673
-4.0190968427543
46.8527300082062
9.83332444039681
-3.24972541663931
48.9007942967347
12.9928258692194
-0.633546697698899
46.3619254421508
14.1120956534035
0.99721432004185
47.2512616629753
17.3969415537992
4.77817889851762
47.5456716574562
17.4542443588032
5.23172074978197
44.6880427492046
19.9260402265635
2.97610362951244
42.4527843620202
17.858390026634
5.11837981135574
43.2207569625439
14.8111714841674
8.19834699374077
42.4104512531034
16.912958298447
6.67169794574982
38.9880631981189
17.775904232656
6.01063833432089
38.0211270939385
14.1529511884433
9.45695931255399
39.1919807973285
12.9678333376586
NA
NA
NA
NA
NA
NA
NA
NA
NA
NA
NA
NA
NA
NA
NA
NA
NA
NA
12.4188448147382
46.8351453150919
14.6381496030267
11.9860139000072
50.473213085608
15.8391701259094
14.8783450948289
51.5059054820919
13.4792549423264
13.3187243525791
49.6493333815722
10.5795568242603
9.9280595733568
51.3471047789738
11.1345132523757
11.7314883680588
54.6938855709824
11.2787800631198
13.2631875470153
53.9642233092803
7.83000511989263
9.93892627224627
52.8374977503182
6.34453499503233
8.13525009248528
55.88151991489
7.76427697868932
10.7951776892711
58.2242499224691
6.28138005326069
10.3213159539961
56.5574118146107
2.86146429727586
6.54281211592721
57.1694480824813
3.1560323751618
5.71626106446173
53.4522308640158
3.13799047766016
4.40828477169719
53.2312618563183
6.72004054922575
2.4225097217251
55.6668085864267
8.91139619730451
2.40105941977249
55.4945748938157
12.7147554282576
-0.749036748550161
56.5941110927971
14.5542741907192
-1.17444800347689
56.9504247864767
18.2942756366919
-2.89471574218109
54.1126076599704
20.0366529964166
-6.37265706515673
55.554063615441
20.9706545394435
-6.08933181129702
54.2027227368018
24.5188841867808
-2.31433173301566
54.6824863451113
25.0283744115326
-1.00143106458986
58.0083376862839
23.7684570764397
2.6790671414924
57.025333426872
24.2546973267309
2.5522732845606
54.0914616222309
21.8352392155464
1.93267449710931
53.9158149769673
18.1054077718218
0.0503877724519537
51.5229522119421
15.8196583380618
1.1770188965962
50.8204316682526
12.1823092764781
-0.56115778289144
51.425235778086
8.8473779698971
0.616481760045151
51.3560889620607
5.22129222563434
0.397579141644216
54.5955349269401
3.33755857028814
-1.13580816675033
54.5994855764512
-0.159774807418789
2.45664415423788
54.3403909579505
-1.50632198449445
3.38516742682964
51.5157249871368
0.900580939510249
0.325067226928987
49.5071096451152
-0.0864232014959058
1.131045651707
50.0145205216955
-3.76379481463488
4.70173287074042
48.8139545896798
-3.15271280155085
3.61596494986399
45.7719930321653
-1.11487303733981
1.21881402131138
44.7213138829186
-3.87698577057095
3.87031836706624
45.349548644236
-6.52287027090646
6.34581714900636
43.2237621461655
-4.58072132058508
3.72288019841975
40.4350782471361
-4.50649959504962
3.28355591578734
40.6263652026023
-8.28432932590807
7.07507699317162
40.4199795876976
-8.68947361836586
7.10530188984352
37.2773088992568
-6.54007802898814
4.29702086742847
35.6405387987255
-8.49321891923399
5.94811872163802
36.474478383379
-11.8515824559841
9.21695672511368
34.9366551170504
-10.6917468173819
7.3587220143984
31.7398308377032
-9.80247729307032
5.42476818661036
31.748128331389
-13.0679883929722
8.7146335267611
32.0902030741721
-15.001254001735
10.2202589607095
29.2595533904436
-12.8959622355763
7.36700423058672
26.8327195851515
-13.5639016987942
6.24196749278725
27.7386372673615
-17.1154410117768
8.93646989770371
25.5229746524307
-18.7893543807112
7.12605301004536
22.4569931400533
-17.3408786098949
4.20832300684601
20.8827213295483
-19.188185269624
0.89382535527784
20.8907497428735
-17.357880960956
1.32568046218947
17.1560769324849
-16.583029900443
4.81467790029953
17.8817007537588
-15.2315015260234
3.60432071314557
20.7863669203661
-13.1213622083311
0.789658681310698
18.6819705266546
-11.6150699177444
3.31172448160301
15.9041895541817
-10.7952492251758
5.54727891549614
18.4542741930216
-9.10797636406125
2.62826427054884
19.7458642347281
-7.00565415594289
1.86186187162357
16.1941468740562
-5.93062106211596
5.44245758309084
15.4243178124601
-4.92381494029095
5.88945299865802
18.6712722826897
-2.985858860624
2.5572632663309
18.085175049647
-1.24016369216144
3.64137475648634
14.445543028833
-0.436627115534107
6.64251758111873
15.8195786718893
1.46213611293022
4.31395877603778
17.6995084204928
3.82804566986501
1.19353229595215
15.5493324904627
3.92685888911873
3.376123087561
12.9462354179423
5.58203654345678
NA
NA
NA
NA
NA
NA
NA
NA
NA
NA
NA
NA
NA
NA
NA
NA
NA
NA
5.04452649455957
9.01411161155804
9.45003812233585
8.71032730354744
10.0068823929223
9.005820152761
11.336808073554
8.97506076833783
6.44000763041541
15.0283690196163
9.73256917824475
6.07215740215953
15.4986764838971
12.782663233581
3.86443433468844
17.3216963594185
12.5407885368993
0.506088884238277
20.6268502175681
14.5588123539468
0.646800816167303
19.7708220645808
16.0340266754942
-2.80654444702238
16.6440430030748
17.882150725485
-1.6027337491244
18.1613082576246
20.804535865372
0.340079994265245
20.547604678044
21.8130361592173
-2.50532499469633
17.7296158869903
21.4906113019716
-5.0690339065905
15.2801687040183
23.6381429229915
-3.08749727191775
17.9972025857896
26.1518136477816
-2.14465191204178
19.1921407074418
26.5994841114434
-5.74595987462805
15.5577852691668
27.4905769973346
-6.68195561019277
15.2479186718319
29.8032634305112
-3.63126566304027
18.493561399445
31.5426707134333
-4.64089509447006
17.330921637905
31.9581104361952
-8.23299957814502
14.066880131232
33.5412159990631
-7.06196421594085
15.9032398303956
35.786762561264
-4.55436442883864
18.3931038133014
36.8730062157772
-7.24881336501433
15.644196957743
37.6002728909274
-9.81313301799829
13.6848345650379
39.6163757054595
-7.25311789005698
16.7167215567223
41.659464647128
-6.09095015427739
17.5794023721399
42.4052370681289
-9.69860677690443
13.98470833334
43.459367454537
-10.6084539596046
13.6635737848591
45.7017354864431
-7.50707519988214
16.9133473198788
47.4632713774489
-8.41588171162373
16.2827624464021
47.811840437052
-12.1884021327785
12.6927384389142
49.0157063390188
-11.6987731755649
14.0596199900222
51.6360891675534
-9.26158675324064
12.1621612451376
50.3991671704112
-6.18445508812673
15.175200857567
50.7666302482222
-3.80457690208924
14.0464536162281
47.9955822283162
-1.44790965011136
15.8083465255439
44.8410880152803
-0.327782141286727
13.8899358290836
41.5392423697586
-0.291661055254778
13.6063013330761
41.7162107595398
3.58919834205568
12.0173603475402
45.1986196927284
3.18158017939292
9.71323579899689
43.3362403903138
0.740009906241271
9.01342184522254
40.5548357466435
3.25268669370759
8.11006365654693
43.0967908184821
5.96903008063552
5.62564658917696
45.0506399939333
3.80542169764439
3.97516672968913
41.7318065682432
2.88573972764221
3.61754127760421
40.7158846034681
6.55318183318507
2.03256158615294
44.1061908886139
7.42644048363617
-0.364640902700108
43.7504386143634
4.41282694723135
-1.2453877601537
40.0722800732311
5.10940193916061
-2.02642397014049
40.5971917701153
8.80470005286723
-3.96926750510024
43.8602370702842
8.80409366155726
-3.23093616655795
45.8033646382709
12.0000672360814
-0.697697423257202
43.3476600866214
13.4880324992673
1.15063556330596
44.6791881898616
16.5845906015906
4.8208612292162
45.5928926557329
16.1885695032374
5.82538389932381
42.6225315377187
18.4226693295276
3.93235591031344
40.1246093211903
16.1977712120855
6.77627267249289
40.4355201464315
13.6512500736414
8.97941510808144
37.3285295726619
13.8062209838664
6.78869867112694
36.0479898265178
16.6279403978766
7.41306348271898
32.2868954732555
16.58771791779
11.1683527601838
32.7020857515841
16.1691626940274
14.461185411715
33.6599817864111
17.7976915747884
14.9814836301721
37.2908402294509
16.8833449608189
16.8473589660403
40.5007626170697
17.6424711008393
13.7774369374912
42.6335403940002
18.5505766524468
15.8483429117235
45.84200410154
18.3759997831627
16.568752158885
45.055121162465
14.7048975295068
12.8614188358141
44.6584862908759
13.7731972502927
12.1052043121163
47.9713043002585
15.5010159418397
15.0548904192661
49.5257714619093
13.6295884886275
13.6300241108046
48.2461412539542
10.301637687624
10.1134643419932
49.5248476488259
11.0409362390165
11.314673454809
53.0339004841292
11.9364030816959
13.3275258127617
52.9820231195709
8.69199464191358
10.1929964468488
52.0328659081446
6.67372007133927
8.15922596860026
54.6215500401948
8.65002801957913
10.6963261729032
57.3111667368463
7.79314204208875
10.3886340377564
56.3071750485831
4.14750228480784
6.56264281253808
56.8661235049532
4.17792871532823
5.81404276374936
53.1610203125175
3.62746954303992
4.49597639368041
52.1020851631603
7.03016250502593
2.54422033265941
54.0148854630964
9.67807947706871
1.8018139933686
53.0501368510811
13.299391800384
-1.34211725902664
53.5169373788291
15.3521525140345
-1.52690269678154
52.949889357188
19.1101402579138
-3.57321798940933
49.7785439005201
19.6981255618367
-6.86246986788092
50.8062078459103
21.4226788069747
-7.21757261285214
47.5242211913914
23.3239990430406
-3.56154973387578
47.6442166910292
24.4871704785857
-1.96718277579898
51.1045855988192
24.7014950571883
1.6152045033056
49.8092078179219
25.0472374284234
1.14468012860675
48.2444769394213
21.6014431671999
1.46686603148654
49.7806628741464
18.1754310513517
-0.57753740116758
48.5495489970447
15.2328449054318
1.240541632619
48.7220329688706
11.8916307688688
-0.348658153180924
49.6728863683242
8.56250297715496
0.913614548793721
50.2518696107385
5.08156531168996
0.487584916008132
53.8235903442882
3.83727123329835
-0.943793339597102
54.5718262273147
0.370156099252174
2.59139259132148
54.628822387009
-1.02016683863507
3.67647311748741
51.4597027021045
0.851926822079142
0.581968655692172
49.6347879863773
-0.408643452142675
1.56005116956301
50.5999634419649
-3.99717531573138
5.21010627652723
49.5784085582784
-3.49391759274971
4.07797221318831
46.2214933193522
-1.96874365470425
1.77586577443418
45.6792913995079
-4.93846788815824
4.63863300812135
46.3448649968821
-7.35607053379824
6.75508976164819
43.8930967792004
-5.36244107544424
3.99692834005686
41.2491546881566
-5.36858856695349
3.69368802550666
41.5908382235409
-9.15106535779819
7.46486632091264
41.1017471688019
-9.56604150703222
7.32736371055464
37.9673591345303
-7.36793375654329
4.34987655987261
36.6810647031686
-9.34741093584378
6.24098752391719
37.1517498259556
-12.6519316025755
9.40539463126486
35.4469444601182
-11.355783723829
7.25330166463008
32.4763518545371
-10.2794712995634
5.45054595656881
32.3055036101706
-13.6177254442399
8.94736411103453
32.1152952833851
-15.2667119775446
9.82516360248159
29.1995698220843
-12.9469723181996
6.66972832226624
27.1530214557223
-13.423552821906
5.53184660917437
27.8713374552248
-17.0156622762336
8.10349569197427
25.3953477595786
-18.5300875870324
6.57443025811902
22.4959181957049
-16.5398197399515
3.60399124405393
20.5968396368541
-17.9714557589988
0.266222601035901
20.9767731177676
-16.1205246323043
0.796262421929916
17.4451169823331
-14.7342808841437
4.33200367704793
18.2451315313857
-13.4303777059281
2.97827237110728
21.4733785791082
-11.8810931774483
0.0850877360265372
19.6815220704195
-10.1576112600489
2.52441009280653
17.0063528121259
-8.83857188262517
4.7668027950009
19.7827748524882
-7.503252960818
1.83086298677454
21.4400101308031
-5.67034143137091
0.920818170030834
18.1257716535654
-4.08984064126829
4.48944456148708
17.4301599162995
-2.89642537859572
4.92342362660267
20.8828450412182
-1.30908590664713
1.44157667579973
20.6460146139797
0.28959391117702
2.32896595954532
17.2160865572274
1.73559349091328
5.33702534527087
18.7212782987585
3.45578259481297
3.30656613319622
21.6861250281279
4.76968527745298
0.233131959228158
19.6766292631665
5.81027316364398
2.38713259573098
17.825952484024
8.37729998802435
3.25460680520918
21.0079436157433
10.3076507161435
NA
NA
NA
NA
NA
NA
NA
NA
NA
NA
NA
NA
NA
NA
NA
6.2708568555536
10.7825673479406
12.0183197090426
9.54772708816117
11.5879913962424
10.19514813701
11.0355332030198
9.87250675927356
7.19869783291466
14.6620700440626
9.70181898535179
5.98432259255712
15.5334599559848
12.919176650521
4.12407468548214
16.3126780429355
12.6263753013874
0.415666328394906
19.8512445896236
14.0938865296982
0.0123220716596126
18.8701886678409
15.6840716207324
-3.33025233358369
16.1063932095513
17.8519321128361
-1.79212342106896
17.883659199158
20.5802709490857
0.129582018585923
20.3753331946351
21.204054495497
-2.74654520173824
17.3780705952807
21.4287499682697
-5.16334925979224
15.3674021222446
23.7648711478127
-2.983073101589
18.4139542729991
25.9331202616279
-2.28746274142103
19.1059393607451
26.2438068092294
-6.02354350974987
15.5016222336352
27.3841548933129
-6.60987984185746
15.7630889020883
29.8310566729739
-3.66221163427716
19.0449635910896
31.1856248984054
-5.06025542770576
17.5294633279554
31.5820681318862
-8.5363050123733
14.3745790539761
33.2715714846395
-7.21152554437375
16.1765552378882
35.5513514337579
-4.70546205431396
18.8860354788837
36.7434286364473
-7.07728008411378
16.4738307562527
37.2875101744051
-9.99977656078745
14.0046724937238
39.253328050381
-7.87136152769854
16.7751915770678
41.3749878498534
-6.3063616222259
18.2695432879596
42.0225414128596
-9.72912240077771
14.8692440965369
43.1923804858205
-11.1199293435933
14.2365609268385
45.3948423383258
-8.08781476873984
17.7245524915317
46.8851684163519
-8.55807429898334
17.2980485112997
47.2390328749242
-12.3885630797796
14.214189061827
49.3822387283275
-11.7767587271997
15.7989547065554
51.1151435755229
-8.7404045578289
12.9462854425403
50.1952189144408
-6.32885118125263
15.1483593169251
50.3120881421923
-3.19231005521001
13.5910775438444
47.2875522082496
-1.52149322996553
14.7789520704446
43.8541725122809
-0.513483819114493
12.2912995128453
40.9380373345184
-0.628468068842704
12.326145206172
41.3249814367312
3.26878494314142
11.0633728599616
44.905563035903
2.85747555433749
8.38966441407923
43.2863219389225
0.642316323883178
7.54413428970975
40.5328623548965
3.10753682678327
6.96533089514953
42.9015063428156
5.98830257375758
4.8331898165034
45.1007406635208
3.65472767172812
2.77042345741335
42.0651171225464
2.56701003130479
2.21437541037726
40.9220180289385
6.19987997551973
1.08408832636535
44.4353156138186
7.14554756394163
-1.33887258547762
44.7002998529431
4.20658894349515
-2.86613317961387
41.2885158354333
5.04938363703758
-3.34400642542253
42.53667862683
8.6362938404178
-1.12561659566683
39.997809758649
10.3809039497024
0.669994108505445
41.5628953606258
13.3682370843807
0.383235282316467
38.2792208547347
15.2655062047124
2.79873156781871
36.8222084169897
12.6462058303794
4.98671584273538
39.966344265507
12.6879260746933
5.49911756526599
39.9452104044886
16.4391941049287
6.1924093227048
36.2014197124479
16.1485692724432
9.35154574676805
36.8935611334326
14.1237375985714
10.7478403811823
39.2445845345564
16.7889986104189
9.85291916471869
36.8564134293918
19.6264204663966
11.8420262195607
34.0319251183725
17.9532997578723
15.0220670938396
36.0981856171659
18.5029338079835
17.2036596036925
35.806084508535
21.5813304788644
19.4993300994736
38.8451863070728
21.4053042509202
18.3154364781915
41.2097768452672
18.6301706541057
14.6771263623764
41.2225936394292
19.7092050515856
14.0041979145094
44.5666909728988
17.9504798518078
14.9271428035203
43.237789215577
14.4718029695384
11.33394094873
43.599323936756
13.1793100000743
10.5751079470588
46.7241303186162
15.1887160196383
13.5449034541742
48.4632585428879
13.5643423971429
12.3291306691533
47.4157557706798
10.0787864189066
8.78653907672881
48.6895091116057
10.7390691127306
10.1199214167082
52.0144315083739
12.0006318701473
12.1987726464055
52.3489841763841
8.85631094550983
9.20305289469889
51.6331006235709
6.56224121944522
7.0694174434948
54.0675669281288
8.47589337522929
9.8082946493503
56.7010912124506
8.17250666633678
9.8880597267532
56.0268114343366
4.41465444555248
6.14036044122398
56.7340146945723
4.5091404971992
5.31231728180993
53.2371114191188
3.27126085512166
3.61609825809546
52.2302364316356
6.52314243094355
1.42041228456056
54.2220564013803
8.87178189108817
0.53891011698274
53.5915821223957
12.4910718921926
-2.82052436837018
54.0514350704109
14.259917901551
-3.27082114684859
53.9292539327813
18.0591134191441
-6.25460197543549
51.5169894318083
18.2941749946998
-9.61689188543854
52.6502381335225
19.7487106392114
-9.5240669519199
50.00625155836
22.5338927736646
-5.98265489455694
48.7578842143326
23.4623778916554
-4.35868448253607
52.2211538641132
23.4824884309134
-1.00498724607941
50.6539750063465
24.4427755098392
-0.642597705276051
48.9095616408083
21.0689213590425
-0.52743903933681
50.3264877599492
17.5332384187104
-2.19216062890795
49.0289160065823
14.3758629937601
-0.188748769194289
49.1385566620066
11.1105235248784
-1.42690596436997
49.9354156496524
7.59814149641925
0.216454024818013
50.4739660424883
4.24297392678695
0.0517713713898083
54.0866559292007
2.99643936805782
-1.10965684982773
54.7711178523323
-0.576420461650384
2.55195538349429
54.9887359445592
-1.55944040993325
3.28891392936608
51.7211491352036
0.384582621049586
0.415073691270457
49.9789253795693
-1.38368564796565
1.53865965164522
50.9542648613732
-4.93918357158805
5.14026912862932
50.1478779332034
-4.18753052837247
4.20193559437415
46.8368475588535
-2.54561029930397
1.93316952182656
45.8469711464355
-5.49819597904224
4.68726748596255
46.7309618036282
-7.92655549153995
7.27282630081517
44.599915119929
-6.08775407571697
4.81488511577903
41.6813185208217
-5.95748503648585
4.25614944089727
41.9604941053118
-9.68812217223612
8.03580785350784
41.6988393664435
-10.1938029822437
8.13523472440115
38.5872420685918
-7.96536012828803
5.14701585002108
37.099180460634
-9.76537946421771
6.96157001148209
37.5150480496828
-13.0955173507779
10.1352464937476
35.8010172486985
-11.8400489126275
8.03003478751525
32.8425747902797
-10.6633276660412
6.17364550488981
32.6748498099679
-14.0108708192108
9.45936805269825
32.466132162303
-15.8613783934662
10.9377037063532
29.861462307274
-13.478513596329
7.90364062639539
27.5369510405607
-13.3367475998435
6.57951878423754
27.9059410245512
-16.904484801325
8.21262289654323
24.5870872984297
-17.9993523289188
6.00510389981527
22.6476623985441
-15.5557615414118
2.62173919090956
21.2832140174001
-16.7163048890404
-0.483007574407923
22.4911416326802
-14.828646180615
-0.689076744503444
19.1961815783917
-12.8092876840179
3.03998097254993
19.3735983924642
-12.0661283357156
2.48593622772566
22.9514470138735
-10.801680368019
-0.459624787471784
21.8859880135389
-8.67882558627929
1.52309508263512
18.9760310308192
-7.18894529732841
4.35051654646771
21.4098068623801
-6.33246758742064
1.91081933332595
23.7518184139891
-4.58380426924913
0.50063266053862
20.8724459872115
-2.49651224947657
4.00272729822588
19.6129774042353
-1.55276597150879
5.2564552599706
23.0558464657073
-0.485516786220468
2.00030933599536
23.537077814639
1.45817611920075
2.19387783813844
20.1687939792346
3.2336958287877
5.86481938221278
20.7101117171916
4.08390949990939
5.00402804044559
23.9961439046504
5.74354311276588
1.766890476524
22.9258290381825
7.44795370850435
3.78461645979676
20.2334622535394
9.21657236535964
5.98179166491464
22.891393773789
10.9032457634064
NA
NA
NA
NA
NA
NA
NA
NA
NA
NA
NA
NA
NA
NA
NA
